uid,cat
40585382,1
30005269,0
3314758074,0
14311688,0
110457801,0
269062860,1
1656126090,0
758669826,1
21056856,1
954363313,1
337284868,1
203541550,1
156333623,1
587865313,0
4750028375,0
115703194,0
15475471,1
2701352961,0
383978282,1
1031038448,0
115402745,0
168516256,1
293602749,1
2734365015,1
45025729,0
183825988,0
954537696,0
187838951,0
13134132,0
142082006,0
17976923,0
44579901,1
2604799262,0
110445334,0
2560114934,0
18020589,1
19266287,0
216776631,1
29590509,0
92591950,1
2295018296,0
4340820854,0
4825930887,1
790903590,1
874865167,0
2236855903,0
2590343858,0
2368167096,0
952755865,1
174925229,1
940501590,1
69401520,1
204192344,1
244255664,1
624424692,0
2966205003,1
839041598,0
3633358032,0
14640695,0
719339280,0
4542922882,0
905717526,0
15896985,0
557334459,0
317934789,0
498606133,1
1066130576,1
49715720,1
152887445,0
162130269,0
172882920,0
18027868,0
113635077,0
635904401,1
14203536,1
24306618,0
353351870,1
862131258,1
1023193092,0
128210898,1
4013838856,1
1343876084,1
560595425,1
587931720,0
3409254867,1
49010609,0
3433544427,1
17888100,0
93294953,0
1389906121,1
7702542,1
3016501992,0
35536897,1
31296078,1
17000866,0
21695125,1
2232234570,0
2666776129,0
143628199,1
369044765,1
3630049992,1
28054095,0
24408575,1
25856559,0
34094609,0
2896546515,1
3485520135,1
124540457,1
2366681,1
23124635,0
21980139,1
4159718177,1
779576,1
636458745,0
932800111,1
1672224415,1
22840740,1
368620668,0
118885542,0
90440230,1
338779219,1
246769138,0
127929667,1
476848835,0
23654825,0
249843937,1
634017251,1
38739066,0
56824433,1
420958041,0
866664906,1
51799302,0
2900743415,0
36171841,1
195930557,1
17681451,0
16438594,1
453086264,0
50378967,1
3388290885,0
50769180,0
3267492818,0
2358208718,1
18497595,0
3820050292,1
235271965,1
19615120,0
1071777608,1
3690067995,1
3010143747,0
278005891,1
831988088,1
23247996,1
4147751584,1
22024503,0
21798534,0
42007823,0
721504266,1
190053325,1
205340154,0
1964042322,1
18455366,0
616297361,0
2746414153,0
44893,1
3320162663,0
24795242,1
222622640,1
3892157481,1
35277267,0
14236852,1
1546147508,0
19069521,0
197843269,0
376562166,0
3738917600,1
18678924,1
32029132,0
394359359,0
78514857,1
403858219,1
36890646,1
21233325,0
98458379,0
359516410,0
34122276,0
75475026,0
18697888,1
17238590,1
236026761,1
71416149,0
22545491,0
333043953,1
35767305,0
1699623224,1
39454438,1
858646280,0
129760550,1
48549738,0
949835311,0
307629778,0
2177123702,1
886157270,1
3310908151,1
176796221,0
416722509,1
49598131,1
3236873507,1
11007662,0
519896893,1
347193582,1
2360448613,1
2330731525,1
292505409,1
779097842,1
4601118140,1
47057647,1
447546057,1
39279043,0
139972615,1
2738717665,1
36498673,1
65557909,1
54561993,1
41898879,1
19788618,1
94915480,0
972662461,1
99144305,0
4706570813,1
42880362,1
2881301715,0
2550890816,1
3025003720,1
29086472,1
2230473230,0
144612867,0
3681348617,1
4481163393,0
4432916014,0
258567574,1
201547553,1
14630564,0
454912111,0
2433566857,0
245953646,0
37769574,1
1528242061,0
224444406,0
133758692,0
48444278,1
20867272,0
803826720,1
1720817863,0
532676436,0
1074310886,0
2499303607,0
4718150518,1
49733766,1
16028034,0
416842611,1
292362121,0
4180165829,0
355696604,0
3012414755,0
595578809,1
998576058,0
4020420568,1
1645328954,0
137733112,1
21659492,1
4701041535,0
3303928256,0
3237579812,0
113072081,1
429695311,1
2195608503,1
2730970120,1
73829621,1
22963273,0
3639474493,0
137514668,1
22997510,0
16305487,1
357561890,0
2497454401,0
364010095,0
346815292,1
25911706,0
57684806,1
20144167,0
31290464,1
2355934457,1
361870867,0
525761544,0
305163717,1
1021559718,0
44032833,0
3002952799,1
8849102,1
2345807090,1
343772856,0
2644762419,0
2339476988,0
53192639,1
18653454,1
1348083672,1
36444204,0
932966863,0
1113351625,1
112541613,0
756899642,0
15976705,1
36837724,0
306939659,1
1202789064,1
24355160,0
30421467,0
705577153,0
18205761,0
19877680,1
230568536,0
248995042,0
895314493,1
406068993,0
64302962,0
1011766976,1
4141559359,1
58670024,1
2497157000,0
150135224,1
93152866,1
100554315,1
21137449,1
28362018,0
624774427,0
501170062,1
2926366047,0
387383722,1
57540655,0
62277577,0
383922702,0
133021695,0
3964226699,0
224311355,1
1871547854,0
38731527,1
603886018,1
24613220,0
724878049,1
830877463,1
19457805,1
1074522702,1
130604407,0
331355788,0
16474156,0
63504074,1
3307944937,1
2874009869,1
723146082,0
217446893,1
39548912,1
325304262,0
60602837,0
4623339201,1
581543787,0
44990696,0
734160380,1
81723807,0
30349661,1
240932929,0
358521305,1
218150364,1
21055261,0
50351465,0
3065907707,1
23104649,0
18020811,1
2326854693,0
211271465,1
326480958,1
199387685,0
777088074,0
890101902,0
89317081,0
1500029251,0
38813274,0
138854122,1
761557088,1
243291022,0
570022515,0
19916171,1
19458164,0
2254641212,0
621478741,1
3076919760,1
2806660159,0
4131368296,1
238648688,1
1387408597,1
78445977,1
531863067,0
83529744,0
25000229,1
290191224,0
2880201987,0
339852137,0
3093187233,0
1244661222,0
562871832,0
65743043,0
238195632,0
505109831,1
499266305,0
82250987,1
1679744198,1
605758263,0
52387455,0
2816440097,0
65820642,1
182189225,0
52236463,1
293131808,1
19615832,0
3079981978,0
125724234,1
310494686,0
3314645689,0
1337600762,0
166655653,1
24747191,0
18852393,0
2280115838,1
4705907779,0
156763824,0
1296786590,1
370552834,1
47549624,0
197098194,0
4407191068,1
66923871,0
64249447,0
103071090,0
16532983,0
1317803390,1
1708059272,0
42716331,1
3269091415,1
308900763,0
574670873,0
2694401642,1
809979841,1
52619456,0
355370633,1
55348286,0
374069067,1
430802881,1
376756573,1
304494040,1
3344783050,1
276328820,1
335116707,0
19433939,0
176692411,1
441193606,0
10355,1
68549521,1
38878060,0
3153174316,1
385147518,1
15691324,1
17297166,0
832576093,1
2559384143,0
2150031902,0
168934439,1
600177356,1
575895055,1
67617690,0
429571147,0
7172432,1
3709164012,1
242444091,0
995628162,1
864078074,0
30172459,1
3350216081,1
19311523,0
272577317,1
2295233574,0
29326599,0
238442402,0
1350912326,0
469845522,1
248346266,0
607558430,1
2243378234,0
3697804463,1
18266821,1
3164886903,1
3059250362,0
3072008186,1
386202514,0
312213566,1
3280722818,1
45571645,0
78456489,0
17993906,1
214331711,1
2321878080,1
448291650,1
944932813,1
194464923,1
3180607247,1
68202182,0
23548525,0
753647880,1
16262470,0
316783560,0
2195243312,1
4040901909,0
3905275583,0
59486472,0
69497938,1
72750914,1
3251097097,1
317617108,1
17635160,0
3130735261,0
2364461557,1
27026346,1
63835199,1
3420848757,0
251291557,0
4568853443,1
335918371,0
3960262756,1
2203971528,0
213026984,1
37738073,1
51314522,1
116200814,0
868856461,1
1627799545,1
14402724,1
695357598267125760,1
873142274,0
76681882,1
188198082,1
16031769,0
225277047,0
628752484,1
121133237,0
242832905,1
42818473,0
97371315,1
3189224460,0
138277839,0
999311168,1
1904772828,0
23520930,0
2746379551,0
488809923,1
74314217,1
407947020,0
15415967,1
731596345,1
2168986671,0
414373278,0
2175188396,1
67390256,0
2996570106,1
601842288,0
101120274,0
80034719,0
149610180,1
17218468,0
1317381,0
72547151,0
2195808552,1
59702598,1
59173677,1
177564016,0
1449625616,1
31058145,0
22318626,1
2314090526,1
626688041,1
3763318883,1
3169462226,1
2924801520,1
275685072,1
2162761174,1
2718428498,1
3058887913,0
848302741,1
5795572,0
192596230,1
26874225,0
2158158645,1
14049462,0
23710429,0
4746895581,0
16473427,1
25527150,1
840622404,0
37269120,0
407573428,0
187581171,0
5568292,1
21030121,1
438736784,0
115059160,1
18939358,0
414648609,1
4124623960,1
755835576,1
4085635180,1
1262879887,0
1962929653,0
22033805,0
268448523,1
52081125,0
58033385,1
37624932,0
29923916,1
91441874,0
16241878,1
157050986,1
188449160,1
333107032,1
1180301,0
3315192012,1
117507629,1
27582727,0
21091229,0
265489252,0
961734667,0
57325904,0
40607615,1
297310910,1
582295417,0
1436605442,0
3304303757,1
15060747,0
2689043886,0
360946333,0
36801473,0
42822396,1
25311341,0
104000378,0
577825345,1
459792996,0
631313285,0
382438492,0
3139898299,0
376949684,1
1595496708,1
267316393,1
118836372,1
3226079689,1
391573146,0
417478694,0
23203359,0
3089946557,1
27699961,1
357300252,1
6722,1
827926069,0
345896625,1
38528836,0
197236418,1
2712172686,1
944642671,0
240714345,0
2237834875,1
219084220,0
4291282873,0
2461810448,1
12926172,1
1387592869,1
2551180021,0
92506321,1
15952856,0
295897418,0
792634424,0
2470047700,0
3179478090,1
331983140,0
74236071,0
291369430,1
963230768,1
1206558678,0
18581705,1
597644044,1
16351985,0
17495447,0
195766432,1
47975734,1
46184745,0
36615012,1
206265372,0
289175167,0
3394667967,1
3497167213,0
209319823,0
9451662,1
325921900,1
15186971,1
2220292128,0
559978530,1
15255006,0
3389655273,1
289368447,0
314243234,0
23281108,0
3668611757,1
394474205,1
3319519356,0
298781633,0
37349340,1
85363585,0
11672342,0
2702734410,1
69773058,0
7591572,1
24501412,1
21165339,0
1099826976,0
1729124970,1
474645178,1
60993405,1
20684989,0
244770364,0
351898998,0
41067762,0
111933190,0
19790770,1
20681628,1
95717760,0
4073888353,0
111343639,0
270437243,1
1687298582,1
863605267,0
1432131944,1
2874634052,1
185535371,1
92437974,1
626886043,1
371397630,0
32056871,0
26372677,0
1548243109,1
498230908,1
241384833,1
178596923,1
596311249,1
21688902,1
33580347,1
62052619,1
141376562,0
519932425,1
35382877,1
3249362245,0
3349433536,1
129077995,1
15407375,0
133259725,0
3311348833,0
291513513,1
6261642,0
17095723,1
395625066,0
3222432010,1
2346158455,0
22891564,0
21164689,0
299381206,1
48477900,1
2847883879,0
195973204,0
292519466,0
1335961452,1
386764875,1
11378462,0
799529779,0
705706292,0
2783194480,1
3309950330,0
58311658,1
82016286,1
229248432,0
1968014772,0
325054889,0
1339835893,0
81395968,0
4518736045,1
26588502,0
1207286900,0
755790420,1
2164381682,1
702006403,0
739351160,0
939091,1
43567311,0
368568843,1
77294056,0
16644712,0
2359731965,1
788343169,0
1955688926,0
300053065,1
18954286,1
213962797,0
68625762,0
2301659258,1
63225796,1
398452420,0
25913142,1
281156557,0
74282530,0
555201529,0
20050915,1
52876882,1
731526846,1
2499295284,0
37438404,0
274581613,0
1090219536,1
216841278,0
56672927,1
1970087160,0
277800457,1
1905729582,0
269448653,1
21810123,0
2202263414,1
25664074,0
17280918,1
3798251478,1
412686993,1
361417698,1
523105850,0
2695002217,0
24916638,1
53945972,1
3311160710,0
1433637769,0
3025764963,0
279755174,0
1019950873,1
209484116,1
38595528,1
204176679,1
21288557,1
147696336,1
3375878043,0
307820351,0
123134034,0
306344737,1
15865248,0
31509026,1
19235973,1
3195390296,0
2326113378,0
240819926,1
23047832,1
3107686871,0
41925838,1
467875256,0
19358607,0
3028820445,0
16335761,0
1131111,1
486768205,1
296371888,1
36191695,0
352598172,1
186751707,0
143895087,1
16219550,1
1538868434,1
325853223,1
65907232,0
3170274468,0
594229541,0
1520725590,1
122869223,0
809225064,1
95668275,1
3255245682,1
2426327155,1
547189216,1
102700850,0
13218102,0
286367952,0
486346356,1
1464864852,1
2854482238,1
18772914,0
161686614,0
22527499,0
137855301,0
3313960508,0
528429381,1
2991368880,1
58952871,1
402345799,0
2568524389,0
3207675783,0
49660211,1
24836075,1
43917829,1
4253752876,0
3309802435,1
100091177,0
40408827,1
132511005,1
272107377,1
23836779,1
279636823,1
3909966435,0
17076095,1
55710989,0
4254806353,1
14726811,0
374259409,0
152145921,0
36743910,0
906495913,0
4208698392,0
462134852,1
1614066366,1
209620473,0
407640301,0
59810183,0
86372317,1
2475836743,1
75806520,0
1439876228,0
62421328,1
20606810,0
25265738,0
16329577,0
17837017,1
29509675,1
2716349243,1
197519095,1
611308415,1
533553739,0
186288688,1
1758171,1
256521798,0
3937228100,1
1851725996,1
720239197,1
17458783,1
174779836,1
327706695,0
16210489,0
1214819664,1
2945773214,0
78894518,1
17340781,0
5781452,0
21984164,0
365764168,0
258408570,0
610183411,1
18402924,0
3405913271,0
440567869,1
383340290,1
3310017948,1
142860446,1
18893580,1
163194830,0
200182725,0
331208078,1
1940115192,0
3376749479,1
16311464,1
3952120043,0
212006850,1
59243142,1
17452615,1
322221442,1
41921355,1
3343448255,0
39617434,1
1708437751,0
4140183553,0
156752362,0
278722204,1
72380703,1
2940099646,0
14816721,0
2369921389,0
90448142,0
2316330168,0
177798012,1
18281189,0
163713514,1
32358674,0
226260943,0
42350096,1
754288802,1
44960116,0
3554869994,0
23006373,1
1891432459,1
333675022,0
36710767,0
64269721,0
245204777,1
10825502,0
2449372477,0
749937876,1
43182702,1
139415862,1
2237466028,0
2454631243,1
56371915,0
358091193,0
516017027,0
4493507062,1
75880118,0
43648713,1
1955118518,0
32453116,0
622455036,1
476256944,1
3152042415,0
3279219698,1
23636341,1
15693692,0
3515560155,0
480814884,0
1072803127,0
4504018427,1
27187005,0
8512722,1
242892689,0
22857194,1
165085226,0
14364749,0
4584443975,0
39013861,0
354337709,0
32726850,0
74773564,1
1947485857,1
25162697,1
82181907,1
38021361,1
51795253,1
123008115,0
36806703,1
893568606,1
2689468341,1
523591464,0
4640092346,1
18444665,1
411918721,0
1149344839,0
3415493212,1
428631601,1
408454349,1
16887628,0
3297391523,1
698193,1
29325242,1
3495085120,0
27588562,1
82151660,1
4661146402,1
2860625852,0
3306293186,0
1604701051,0
24952046,1
285638570,0
1684036974,1
899049446,0
146447628,0
2317178662,1
289781545,0
275857287,0
1406922781,0
3380367683,0
357827599,1
33313202,1
3322149778,1
21265120,1
23241163,1
196536113,0
19914257,0
24638657,0
632564853,1
3135645112,0
401569702,1
344412867,0
343327974,0
19789188,0
180839707,0
483482112,1
1055531124,0
2246241658,1
25952311,1
41487586,1
82132833,1
177641630,0
3234206654,0
854992056,0
191867394,0
230871431,0
773670450,0
313091751,0
51510736,0
509485926,1
41540854,0
102688191,0
16452919,0
303314492,1
31713008,1
49285444,1
350887092,0
233259110,1
59674605,0
137566576,1
120781294,1
19276257,1
3299975372,0
42930296,0
109586282,0
27949996,0
296574324,0
3322696214,1
364389624,0
91905327,1
23365981,0
250954927,1
1488650232,0
179811206,0
21002366,1
237312687,0
22069647,1
96181713,1
4201251624,1
89496720,1
4229716820,1
32110569,1
2173646835,1
3325828246,0
20110773,1
3148537777,1
2444857334,0
2902585625,0
62872080,0
1554964502,1
403468694,0
3286760858,1
41758974,1
465833678,1
403665646,1
2931029238,0
41813485,1
399712913,0
63067880,0
134202175,1
19349317,0
76188063,0
516108777,1
122212010,0
2922297122,1
22450268,1
15463671,0
4012843516,1
3958327401,0
16789970,1
31561408,1
2155687536,1
51179407,0
34523410,0
2865834880,0
865538526,1
22749876,1
4150054588,0
2938651298,1
769058707,0
1900685912,0
495377071,1
2352305706,1
24443485,0
593432350,1
48415072,1
18197328,1
34514931,1
1733468162,0
4498652896,1
559969624,0
247119832,0
36654245,1
38424514,0
41826994,1
4504290695,0
274169440,1
43136307,0
28272540,0
25775645,0
2414503201,1
17998887,0
2564494802,0
1135622396,1
183731939,0
613172732,1
221969181,0
3183297271,0
910918958,0
35922960,1
515562132,0
24439201,1
17382387,0
601074162,1
556312149,1
31155288,1
218314927,1
1705054388,0
2438765444,1
491734047,1
16310786,0
327066017,0
258918382,0
263574104,1
25318744,0
1332365803,0
589500532,0
132763833,1
49763537,0
2940964728,1
241186747,0
390481732,0
634157937,0
143660061,0
371347463,0
34714205,0
798967789,0
18388923,1
150521075,1
466086296,1
292051264,0
240427862,1
349294024,0
17797249,0
414312468,1
21508474,1
725707543,1
707128839,1
35221731,1
452521774,0
41738027,1
2434306537,0
256433721,1
14465607,0
1563164448,0
1395185065,1
237862972,1
228554424,1
58559328,1
5972532,0
41668297,1
16444015,0
562507893,0
2909868482,0
3104820945,0
94887063,0
2264980638,0
281768922,1
15822642,1
163352178,0
2516300282,0
933406238,0
252805688,0
34843304,1
2732348582,0
22667534,0
2956981377,0
4009422633,0
386267091,0
16800091,1
631546021,0
241608131,0
46218353,0
300463030,1
2845477805,1
42738691,1
3590872880,1
66533526,0
24735461,1
17971114,1
3396361684,0
449430008,1
1931999353,0
4686567074,1
26265791,1
341223818,0
140519774,1
59676104,0
50325797,0
34656830,0
18791594,0
76656451,1
336764406,1
19574839,0
911768418,0
3279557418,1
814093100,1
24166630,1
40454187,0
250912045,0
17643901,1
7838162,0
29126313,0
374648372,0
45887947,0
4870839406,0
133725603,1
16952837,0
4191134957,1
1076842250,0
164005365,1
4624858456,0
1409364397,0
787585052,0
332207555,0
575149470,1
250325198,0
4157825020,1
1491381170,1
48807945,0
41017380,1
595902230,1
142137035,0
225599040,1
470643313,1
4851233325,0
239153333,1
40253768,0
29471556,0
11509602,1
38029164,0
12738012,0
620052304,0
15227483,1
41269920,1
15314135,1
21483814,0
132204008,1
277845186,0
2981645663,1
1683834049,0
2812217312,1
262755165,0
164481340,1
320503845,0
275378900,1
90108332,1
383029818,0
2250261,1
3071493946,0
24254006,1
404574164,1
18144612,0
19584890,0
1728738829,1
786569252,1
3287847619,1
487032036,0
4623340371,1
161555482,0
89091453,0
23394127,0
3242590510,1
295648970,1
70620140,0
4841174388,1
19929362,1
265917300,1
3355845593,1
3917089098,1
1853913469,0
2739651536,0
153881641,0
2745066697,1
4569139747,0
2785130772,0
65063850,0
2916017550,1
550632235,0
412316336,1
2571867992,0
874938366,0
59545158,0
63351677,1
19085097,1
34585261,1
2880185798,0
67738960,0
2589976148,1
400497774,1
174927331,1
144318667,1
2851818146,1
3328708713,0
14319800,0
52774812,1
2957761772,0
46574097,1
279386436,1
18182408,1
2355322945,0
4736884175,1
17172392,0
14389102,1
59213941,1
237842283,1
1485742580,0
282108186,1
103375658,0
1507041006,1
488702565,0
85569371,1
2447468288,1
114623005,1
505337190,0
3278765534,1
325832052,1
206872748,1
3300966231,1
57029492,0
93905795,0
3419324033,0
1852333327,1
241621002,1
917819239,1
3448884192,1
1406130420,1
17930574,0
260382046,0
23924320,1
3124483837,1
170031567,1
130945778,1
861889543,1
103970616,1
54982829,0
553855315,1
275258548,0
20100423,0
234670640,0
1297947752,0
1144006176,0
252398355,0
418875353,0
101875332,1
2153505157,0
302244545,0
628543760,0
112651673,0
416003202,0
4164957133,0
948215574,1
56347685,0
219010139,0
3634706067,1
18492940,0
2865078826,1
16798982,0
458635162,0
3386879464,1
30601622,0
625154752,1
1357946360,0
74498666,1
499822756,1
72112616,1
74035340,1
37479677,0
2977016067,0
60646940,1
1082936041,1
3472931595,0
179299693,0
979124552,1
14326339,1
418398650,1
516013541,0
22310950,1
240363117,1
1644096476,0
175455888,1
169586280,0
176896430,1
302199985,0
631594179,0
57048551,0
2387702150,1
4548601,1
237781383,0
437592791,0
24338179,0
3230206904,1
3347975068,1
88784440,0
15024479,0
194615561,1
42314856,0
4320799523,1
152532187,0
15908706,1
203206898,1
257983058,0
2561668081,0
16709451,1
2610029334,0
263815367,1
23840179,0
2926744720,0
2801124931,1
2411004076,0
154442784,1
528120253,0
2444387672,0
1117644769,1
20643723,1
17844611,0
1173689738,1
59331128,0
247421834,1
242594752,1
18492276,0
270178676,1
2224206043,0
1282992704,0
305669196,1
3395004466,1
505146751,1
51039191,0
3986438840,1
735385014,0
14730859,0
3952503275,1
4193745974,0
30255256,0
2930670712,1
716516792,1
177022004,0
1527091,1
511522177,1
86308014,0
2651126504,0
342768115,1
1961815747,0
19268706,0
237520840,0
111162630,1
321787970,1
1406556270,1
4205814682,1
27829587,1
20508720,0
21998010,1
408051296,0
119491006,1
18523265,0
2618486504,1
4779309194,1
605569140,1
202206694,0
34360376,0
43705201,0
35055391,1
73303753,1
2956789224,0
91377272,1
14725649,0
196678926,0
306338794,0
99371963,0
1915528638,0
63150856,0
115267792,0
59612030,0
4764737738,1
628559456,1
4905922076,0
330631056,0
14749672,1
1959171672,1
130606020,0
2713094767,0
308551700,1
64826582,0
2433441704,0
21830367,0
193794406,1
371419323,0
9780452,0
275668847,0
1703655102,1
3312053648,1
621464573,1
2722572896,1
3118589409,0
16102244,1
9489212,1
433685408,1
216380516,0
460656473,1
314866815,1
20567334,0
156283168,1
28495702,1
18409321,0
54226122,1
25446308,0
116337684,0
3280852698,1
206865585,1
59002903,0
272510657,0
2691594799,0
22022474,1
3425593272,1
25397164,1
66584326,1
4795556396,1
4520123307,0
78776348,1
93665600,1
1400726064,1
1410468181,1
15220768,0
355470606,0
15114375,0
900993354,1
161710528,0
3374494299,1
14845376,0
511467253,1
22921914,0
1099991072,0
1036721035,0
2782594593,0
19885660,1
3033441051,1
62386478,1
83665521,1
474000059,1
856765286,1
115730034,1
701865272,1
80924523,0
14469996,1
306685579,1
2345257365,1
115774717,1
1246440073,0
3310886090,0
326507914,1
2909474970,0
325233692,1
3676728573,1
3308416362,1
38319647,0
13774632,1
509243264,1
462861372,0
619225560,1
435320201,1
37052188,0
21954690,0
270764067,1
17176889,1
18592146,0
3940871,1
928744998,1
259395895,0
2841329687,0
162126945,0
391026058,1
64073190,0
4222853902,0
112031627,1
84900217,1
3294572733,0
14258321,0
28048130,0
260783200,1
224691435,1
14782218,0
116627322,1
172601086,0
21326558,0
16378093,1
181788279,1
3304602747,1
634122266,0
165539194,0
16089728,1
32514657,0
2292332876,0
3153280087,1
33112792,0
120582940,0
2196236238,0
558251172,1
442368775,0
6300882,1
3106353932,0
33636680,1
23205346,1
100650530,0
3320990138,1
341798242,0
792854598,0
112060161,0
17237178,1
223917282,1
390520212,0
1314883734,0
49085175,0
15691459,0
231108733,1
1228906548,1
108288517,1
400382650,0
278512402,0
125497871,1
2150122297,0
168873266,1
563166753,1
47739450,0
248400230,0
2779645422,1
22146175,0
18276341,0
2889924959,0
408615970,1
122480242,1
272252091,1
1232348810,0
78410944,0
33750798,1
18628275,0
84877964,1
19221501,0
19097357,0
756870727,0
24804822,1
63619403,1
418264878,0
296258254,0
345660600,1
329203277,1
309274068,1
3305534148,1
3121948508,1
177300436,0
321575447,0
209220102,1
131408166,0
302953258,1
524753144,1
3494875341,0
2998317053,0
43404691,1
133456403,0
375949267,1
600581009,1
142505154,1
16469505,1
18137749,1
33301176,0
1654228765,1
48120914,0
20547642,1
624502287,0
299967401,0
469911910,0
372536288,1
50736755,0
244653054,1
19832288,0
302245185,0
16235700,0
3622830612,1
523886156,1
16796174,1
4392505274,0
178662091,1
2247669512,0
2240527756,1
3569888715,1
306305137,0
177009196,0
19817295,0
111164618,1
17755784,0
84178739,0
831188557,1
1531866878,0
37080099,1
374224030,0
466581242,1
337544730,0
499864307,0
757601424,1
234822746,1
481437062,0
111398952,0
1328399958,0
2316032030,0
3950944035,1
77222470,1
413590951,0
1563366920,0
1860881923,0
24852012,0
41526174,1
267251356,1
106796856,1
3239427389,1
3300021572,1
231094495,1
1378442792,0
9480572,1
87071775,1
96261366,0
26284001,1
33180256,0
3287406577,1
4742478198,1
4001931059,1
255356764,0
2911416355,1
347388522,0
1631213089,0
47999614,1
24745957,1
139170905,0
625202452,1
294282102,0
455102293,1
168478353,0
148453195,0
2466142365,0
37947269,0
69792268,0
198323147,1
2206520060,0
1214120449,1
3408980453,1
30654235,0
1305386910,0
379453607,1
45320696,0
636497414,1
277501298,1
338138468,1
456234046,1
428780114,1
3723723982,1
250244825,0
183022483,1
56802497,0
297624392,0
771152516,1
16930125,0
329774468,0
14619975,1
270017791,1
67188131,1
1934932591,1
22132214,0
29463257,0
272884349,1
56144530,0
204943152,0
33412179,1
157875734,1
22860177,1
4102376488,0
2570143998,1
1394884184,1
1558778694,1
493692491,1
47471598,0
1634552636,0
3416166383,1
100223701,0
40015623,1
21443,1
304043671,1
56551015,1
262756641,1
1150674031,1
106289076,1
898245151,0
126885579,0
3408826877,0
290368392,0
321860015,1
2628711701,0
475395057,0
329582140,0
141436861,1
4851356903,1
3179430854,1
180560224,1
75996970,1
16731880,0
17339058,1
2421121724,1
2581330745,1
706432155,1
354439301,1
16998202,1
461699669,1
4141758753,1
262060224,1
228071771,0
4172344582,1
17203859,1
228774722,0
456354514,0
1439966636,0
219429281,1
2368273843,0
2372168846,0
55369810,0
733010480,1
2214894385,1
582981152,0
1904470932,0
16413730,1
1681327724,0
4804661611,0
1902826232,1
175991285,1
6585902,0
74634858,1
711716678,0
628753972,0
191575386,1
140286523,1
422278628,1
804703158,0
1242168684,1
3190271899,1
53516739,0
227391151,0
732071702,0
4530031518,0
105858730,1
228139777,1
475270232,1
166048924,0
933148506,0
3233697508,1
313122320,1
716594408,1
42761057,1
71584509,1
16323844,0
113490650,0
71374488,1
16215601,1
26679552,0
381281965,0
3270270356,1
3188866794,1
301508016,1
502092445,0
96703242,0
69770888,1
1117254505,1
2655353923,0
22683985,0
169740930,1
131014169,0
866681990,1
473355611,0
714328879,1
184962286,1
863037013,0
37960294,1
14839147,0
91671740,0
615368617,0
1305264224,0
373623608,0
3146468737,0
15731751,1
142761639,0
224864463,1
23983382,0
280664117,0
3470996714,0
18648536,0
1661392244,0
588052995,1
1681008786,0
1158729300,0
137355680,0
31137607,0
490042929,0
384540148,0
16303106,0
2203915058,1
369235787,0
603970857,1
15089643,1
260559365,1
16047618,0
417420642,0
28942395,1
827292985,0
23191886,1
32304094,1
3112208255,0
53670390,0
387819553,0
914980836,0
1447899222,1
2278389301,1
285773673,1
17152067,0
23450558,1
39085838,1
50452197,0
169785728,1
97086952,0
279385886,1
4851738376,1
63883653,0
3891308595,1
1665664009,0
293882759,1
43797909,1
7651862,0
607794876,1
3330842734,0
3555543194,0
1168980440,1
340153435,0
60744874,1
976664240,0
336270770,1
168843567,1
801040298,0
2861899293,1
223789673,0
21132379,1
320411235,0
616820664,1
183749519,0
582051214,0
834594848,1
230974399,0
108564843,1
3902745922,1
2842023901,0
19358918,0
318642543,0
51241574,0
72652504,1
2802449487,1
2485680174,1
16646202,1
18915145,1
4321083313,0
3299812743,1
16927626,1
17465819,1
48117116,0
129722893,0
790471530,1
340514090,1
562661351,1
4750780386,1
18277655,0
4452743837,0
4043893096,1
207819164,0
279758985,1
351087814,0
1010284940,1
77329593,1
18360042,0
904731847,0
2961815209,0
6431862,1
3427517943,1
243278482,0
35884202,0
2790838814,0
290526001,1
28628850,0
281283042,1
625630417,0
195711747,0
317090188,0
3330355619,0
240471136,1
98527416,1
3135871410,0
51707787,0
108180712,0
2663115926,0
217550103,1
451124494,1
1624071703,0
282926791,1
330502336,1
20796447,1
22834860,1
3332072878,1
850116620,0
3317236050,0
3329066670,1
345470266,0
36806414,1
4524501,1
119118595,0
15483390,1
885256663,0
35216399,1
280564631,1
2836823911,0
23970171,0
3095905443,0
277382495,0
17516275,0
264457638,0
20652930,1
3317288726,1
15603299,0
8699612,0
28046830,1
2660927015,1
4861489005,1
140847427,0
3588336613,1
52163506,1
14499288,1
114670081,0
83507732,0
569430873,0
176340974,0
33248335,1
313060325,0
141108912,0
15697325,0
284471598,0
29031839,0
52912635,0
6075772,1
3015889533,0
4063186697,0
167689860,0
1664731507,0
3433123032,1
61599644,1
1260225799,0
116604329,1
373564009,0
3291670195,1
803192996,0
2705610376,1
30559248,0
25967290,0
606640189,0
323440720,0
216425548,1
321492437,1
25252691,0
3335532197,1
2641666044,0
27667977,0
4321196248,0
2850888565,0
2543575767,1
423437151,1
2529561,1
40297970,1
2427719191,0
931802160,0
566048130,1
2594027228,0
704121715,1
999752310,0
3247117472,0
441440321,0
88456832,0
280673445,1
76208099,1
125890579,1
248699486,1
560778750,0
350032839,1
856846262,1
552286174,1
2420941400,1
191216906,1
498223316,0
32260931,1
1697174628,1
93275632,0
24243914,0
19292140,1
108376246,0
27986000,0
242253020,1
336599152,1
61000954,1
365687902,1
26322515,1
536528296,0
5652102,0
2598906560,0
72757174,1
21819114,1
4278967894,0
119250381,1
2330756666,1
4851860505,0
424997365,0
339475959,0
16901898,0
472587261,0
26092300,0
102777642,0
28948277,0
2767612751,1
85389877,1
54608439,0
2775097003,0
527102034,0
856723778,0
502128120,1
16226417,0
2557551187,0
376570601,1
782612461,0
77687897,0
237880304,0
1702649216,1
3838028674,1
626435672,0
750543566,0
87825476,1
2730969312,0
270055627,0
378102107,0
26625622,0
400873778,1
4860721431,0
19802992,0
261568808,1
4020092181,0
1711185464,1
17912521,0
346063756,0
1357382641,0
571324335,1
59222174,1
266252872,0
532400683,1
196454301,0
84620376,1
1442299285,0
293386073,1
400599700,1
1483600862,1
343512566,0
130237588,1
26812093,1
193732179,1
15857546,0
604630006,1
603398233,0
64541290,1
1287862291,0
14200743,1
12096932,0
34621886,1
141393852,1
316819997,0
15160884,1
21901272,1
3960279315,1
20474813,0
3230995036,0
3236656398,1
114754103,1
1947265657,1
30253471,0
4875928483,0
20019385,0
64478978,1
3389329545,1
3369164429,0
888726438,0
1379275460,1
1552125739,1
38478303,1
37126582,1
36372343,1
65106660,0
14144354,0
16256269,1
64113200,0
386812594,0
541216584,1
707758978,1
60709952,0
634598384,1
17544850,0
315878798,0
25888995,0
338102463,0
17012177,0
1575829314,0
61879600,0
296361085,0
2365741051,0
174739508,1
91606430,0
19091173,0
69592091,0
116175140,0
68799380,0
50213088,0
1154670661,1
4012381708,1
183958809,1
2216300058,1
1173806858,0
3182034704,1
814412821,1
249219716,0
20418692,0
16596017,1
300376528,0
248850174,1
1087955707,1
2165688038,0
70250493,1
28010482,1
5716162,0
574903124,1
24631305,1
14321742,1
32522323,1
75121788,0
52779839,1
148823582,0
245203806,0
848488200,0
17043155,0
820506204,0
14407526,0
14875394,1
382301115,0
20744708,0
29896002,1
66006660,1
253210356,1
794831360,1
3367408719,0
119657244,1
100316676,0
353888128,1
37714344,1
224290683,0
3278559234,1
2384252054,1
89293119,1
3425978494,1
91910696,1
196893826,0
7562622,0
565795231,1
188058778,0
20517132,0
17705212,0
21058647,1
42786799,0
3453546732,0
574891573,1
67882820,0
926317914,0
116570753,1
3354391834,1
47643618,0
3270518996,1
3952873583,1
282307977,1
529220456,0
27373129,1
23656085,1
296903483,1
2674916419,0
155775923,0
337313018,0
38754192,0
32241962,1
2918038794,1
1959792800,0
16875220,1
33013839,1
64508085,0
3377085802,1
183292663,0
3594364096,1
334286013,1
75175840,1
1571463770,1
15186308,0
602466689,1
4175873654,1
2279480486,0
3239351035,1
1031365940,0
40840290,0
40124279,1
2582186468,0
19057311,0
151247615,1
3197799146,1
823933321,1
328045189,1
158414847,1
553036813,0
2705002822,1
2752601,1
2693921882,0
529455059,1
2715535644,1
375302736,0
184738767,0
28906229,1
976589803,0
19240280,1
239395004,1
151521581,1
15170286,0
120382869,1
2377663616,1
184621488,1
210628675,0
568531092,0
1653213780,1
956604620,1
18168068,0
52922634,0
20730303,1
16459325,0
3904716505,1
239284849,0
952112047,1
20595487,1
382837921,0
16780727,1
3091902319,0
42406716,1
2883653968,0
92189384,0
1647121196,1
248469693,1
2892288028,1
84119348,1
4128304703,0
235660311,1
2735876188,1
328206816,1
621335481,1
3772913417,1
27676612,1
906568148,1
1049096167,1
21888326,1
182010295,1
180063957,0
503431887,1
514503918,1
299320964,0
14476780,0
206290633,0
612265049,1
154184964,1
17278395,1
204642717,1
75883640,0
248866369,0
59229463,1
266774680,1
26328971,1
4181408664,0
158609072,1
21104257,0
55649192,1
2708121949,1
1921630856,0
14562874,0
21706484,1
288576967,1
86112023,0
624826831,0
535455827,0
583680875,1
223570174,1
347915546,1
464584780,0
15617796,0
27661276,1
40772047,1
385586516,1
23692785,1
2480854531,1
65719510,0
476315898,1
2704951,0
135329478,1
21934319,0
16160352,1
34712941,1
26089178,1
1426876046,0
87540330,1
1048588320,0
177584156,1
124312153,1
22017993,0
4811054688,1
2474682776,0
4853998601,1
1659355182,0
161858263,1
1852458776,0
600455121,1
930198085,0
856626722,0
10404232,0
779798576,1
61239011,0
402770316,0
103123707,1
1137418664,1
868171621,1
335115633,1
3424446287,1
92154216,0
304750149,0
461824139,0
282709676,0
3365881557,0
1581832626,1
52340158,1
192424625,1
23766675,1
120497731,1
296293850,1
15158121,1
59552215,1
251676305,1
44309369,0
2478915326,1
933262820,1
1707468307,1
3122706789,0
65691824,0
15525476,0
594031100,1
56814044,1
17373636,0
235190657,1
782510317,0
70238870,1
4340446218,1
349222062,0
1608278472,0
32244988,0
4142530349,1
229213812,0
55235304,1
1895188093,0
910884566,1
35914260,1
39321718,0
83189725,0
548357566,0
1109549286,0
40579488,0
255213932,0
34810105,0
414347232,1
94429546,0
533416866,0
23019009,0
22956220,0
903168284,0
17859893,1
63470499,0
25998512,1
1662638689,0
7892772,0
1379288282,0
273027808,0
24280896,1
64820888,0
21231110,0
345157107,0
1691638116,1
3297266764,1
1239820615,1
155033274,1
579585959,1
39484910,0
948893924,0
70608023,1
4591980136,1
20608910,0
13510332,0
55896443,1
278216480,1
286470933,1
741976303,0
47758708,1
121880680,1
2224079705,0
4472513511,1
19464261,1
350668301,1
109685703,1
383314897,1
70890758,0
4039860260,0
31201289,1
19677343,0
266628933,1
313708760,0
43188998,1
3602545097,1
146860658,1
970207298,1
4488845423,1
20249823,1
198419099,1
4664831483,0
38278696,0
59212728,0
3078385817,1
19683497,1
382308546,1
270458388,1
14117134,0
20987411,0
339327659,1
19983118,1
1972966208,1
1490941442,0
117165632,0
246414517,0
368877737,0
54744689,0
3556364473,0
31613729,0
245047545,0
4139195715,1
15101893,0
393716825,1
955238820,1
28216100,0
563075586,0
57770539,1
24689059,1
25715929,1
21221064,1
4021000228,0
455404380,1
3901638076,0
1971066996,1
107318015,0
91657326,0
287732157,0
17934084,0
218356963,1
133815999,1
899133913,0
31040736,0
292483336,1
16642888,1
456722136,1
15976697,0
1556245573,1
397440799,1
28591132,0
234243219,0
405047707,0
547213440,1
3415232663,1
164359888,1
446517785,1
18119176,0
297765074,0
578640588,1
14241965,0
452854618,0
59122699,1
17980523,0
139805236,1
196887756,0
340713426,1
74603136,1
82745062,0
610837080,0
18829289,1
3296155476,1
51623437,1
3783739409,1
242414778,1
341813644,0
603606691,0
14479424,1
12889162,1
1335861716,1
44626981,0
144574764,0
2983670750,1
3253203626,1
24275574,0
30104239,1
556547886,1
421575263,0
342908041,0
26054340,0
438924029,1
225265639,0
117754066,1
3931088962,0
247521017,1
476126261,0
3298091964,1
470043714,1
3587038933,0
19549779,1
2821418541,0
1327954172,1
18397725,1
17079284,1
60680268,1
16635063,1
16420903,0
21445334,0
48031881,1
130545305,1
240393970,1
2337082928,0
14186149,1
695801929507725313,1
329443994,0
4353372765,0
235251868,1
23217072,1
170040782,1
402807652,0
556548240,0
54606467,1
3418224500,0
756143425,1
17780929,1
3083369872,1
1140441530,0
1708165837,1
3500593034,0
96644892,1
2601493933,0
53345667,1
492529570,1
15280845,1
188403766,1
117223562,0
338350165,0
1090819478,0
4409585957,0
3830061,1
18623155,0
16227226,0
53830371,1
3171644885,1
361683400,0
18008573,0
2183783641,1
2928224473,0
551471153,0
16193036,1
507191173,1
18461227,0
18622869,1
9508922,1
4890440664,0
2879873850,0
368448364,0
913041614,1
16663780,1
36870790,1
3972702672,0
2378470946,1
14746530,0
301101877,1
44940222,0
211971228,1
265690553,1
19407380,0
328117237,0
311193775,1
513687872,1
137354145,0
829912706,1
30686025,0
555443645,1
142720807,1
4708421363,1
25073877,0
1485769051,1
330378036,1
176731899,0
385092476,1
59532544,0
88266451,1
133587169,1
89357705,1
386155534,1
3252286739,0
13491312,1
272710377,0
4139211254,1
983511090,1
15345563,0
3239776277,1
223538885,0
3306180845,1
957345043,0
27759798,0
56898928,0
460677003,0
3390174777,0
3993892874,1
385701866,1
113047940,0
14104914,1
1129829874,0
139388233,0
18664239,1
366922899,1
3700443204,0
65997580,0
509700682,1
88806753,1
326196796,1
25502928,1
3306430837,1
211261704,0
136328466,1
32881673,0
1568858138,0
3101890553,1
14371183,1
14412533,1
179206305,0
942613549,0
2730769544,1
417416222,0
56107664,0
289094919,0
234967236,1
21583290,0
2482648046,0
106587182,1
24734707,1
36536661,1
1065923552,1
3399043193,1
39535119,0
2914472315,1
2980053649,0
178362634,0
110466097,0
2438823685,0
129710589,1
412659847,0
499060178,1
201983092,1
354341630,1
1452103650,1
1546092492,1
3060165102,1
13687102,0
3389462593,0
58379000,0
42473758,1
84930913,1
421845502,0
21158941,1
76750372,0
201887771,0
19318314,1
29310058,0
1132672532,1
21151732,1
32071013,0
17748964,1
48841287,0
23361310,0
19928041,1
19040876,0
6311612,0
265600371,0
1962071185,0
66672175,1
1449757117,1
4872591268,1
3001730703,0
82951231,1
1236219829,0
18787750,0
1955222840,1
41280377,0
630420208,1
386792127,0
1705652376,0
452617849,0
18609072,1
759845112,1
22253744,0
226622782,0
574528769,1
2059811,0
128679005,0
171400228,0
1003024634,0
91273455,0
437011506,0
346349368,0
121840901,0
44847196,0
43045735,1
583113311,0
102225147,0
71569841,0
232689598,1
397647118,0
3390254459,1
109331141,0
266135401,0
3512985383,0
83417551,0
3401903697,1
252280222,1
2339683237,0
2181121594,1
190618750,1
14981863,1
2220538393,1
7017682,1
16900324,0
471053604,1
24737755,1
4699044372,0
478769319,1
23030523,0
30216513,0
180013616,0
1692554820,1
26300858,0
1282052490,0
354117970,1
924776768,1
3690150793,0
102750466,0
119436782,0
20932683,1
62504114,1
302144631,0
3156120964,1
6325772,0
374319289,0
17853057,0
23375172,0
250219524,0
4174527256,1
305921538,0
3291645948,1
80619457,1
1276822483,0
20015903,0
221733922,1
2235413383,0
440703247,1
469569383,1
834094464,0
2827768371,0
171808780,1
17258301,1
409464960,0
47194458,0
1074422888,0
22550407,1
18612289,0
19647162,1
174401859,1
4623142277,1
78352526,0
538336770,1
113781741,0
7414672,1
32694652,1
3853692941,1
196168350,0
70026966,1
2892868223,0
3323123031,1
41960566,1
1899336733,1
1120166809,0
3400241525,0
695642422873878528,1
385213731,0
16107311,1
2280802962,1
312333005,1
933693476,0
370903447,0
256298027,0
4181803874,1
125386263,1
26107598,0
3719751939,0
75426887,1
1163448812,0
30388712,1
369188720,0
77839894,0
2151483192,1
2719794442,1
92231366,0
1317073668,1
100303416,0
90508488,0
30860737,0
35094176,0
386379403,0
521000547,1
18201794,1
242166536,0
2686066668,0
25255537,0
840478801,1
621181309,1
529123058,1
124227622,1
1397421727,0
201790336,1
432895323,0
3154459238,0
1680684180,1
67501566,1
3155053336,1
3430882365,1
2867808592,1
14424667,0
12897402,1
1689689653,1
1618641848,0
345348946,1
4207243000,1
1129157624,0
2800088685,0
93777543,0
603406470,1
15049826,1
1617509185,0
57683045,1
603835981,0
136526394,0
274211690,1
4717142540,0
406017979,1
442920575,1
220712406,0
19579112,0
26775504,1
398088661,1
283918376,1
442593662,0
110606529,0
27446380,0
26335025,0
312368138,0
330571802,1
14780458,0
91208519,1
66160700,1
4165323683,1
22311812,0
2165527801,0
42468021,1
2586164682,1
4655214796,1
24824340,1
47574231,0
2177111790,1
502639312,1
482625092,1
341616085,0
216612869,0
2174609688,0
36584147,0
22125736,1
32293802,1
15969459,0
469981187,0
3858765016,1
1609364557,1
708284754,0
4852500321,1
309602001,0
208886050,1
107546271,0
144199278,0
95556304,1
32734301,0
1478466624,0
21846539,0
89220865,0
126735130,0
20091865,1
1711535066,1
4138660415,0
85036523,1
83536920,0
87208147,1
3086493438,0
427704594,0
3962151,1
2526033769,0
31532083,1
357223929,1
35417467,1
454194887,0
3734240741,1
251919460,1
2886503987,0
320513688,0
2343081636,1
47185852,0
282728925,0
3298524945,1
2254719248,1
95060299,1
37830702,0
14891411,1
2934029484,0
487265006,0
4331479479,1
155556393,1
2410005103,0
50055701,1
411894721,1
17732964,1
158767585,0
62374483,0
62711907,0
209622504,1
92424601,0
3895471456,0
19569217,0
101936549,1
4818861575,0
468865743,0
480953886,1
860529211,0
536879477,0
3305245893,0
348829006,1
3222966471,0
206656321,1
889317997,0
29044188,1
4776797381,1
4453559961,0
250942901,1
137531037,1
1426736030,1
41056036,0
83662443,1
175644666,1
48701688,0
1367769997,1
267884847,0
294434603,1
16031927,1
377995808,0
131802395,0
22959072,1
1180379185,0
132550968,1
38124709,0
31611298,1
539524639,0
186563150,0
4553731353,1
3309041036,0
18113617,1
19662335,1
155112556,0
4562593367,1
24183358,1
171171952,0
1231122511,1
523118244,1
41604590,1
3298951627,1
37512393,0
19624861,0
147012234,0
15170457,0
483582383,1
729653510,1
1599875713,1
1133751853,1
2473131667,1
243670114,1
23491337,1
66905904,0
3389073989,1
2326360933,0
50072765,0
2790346046,1
105329640,1
792279528,0
4152596593,1
67090489,1
66613956,1
1362733117,1
15442036,1
455107195,0
415274371,0
20998405,0
842314687,1
28127431,0
2325956060,0
474094828,1
189238523,0
2785814996,1
18305931,0
17697550,1
48722401,1
80019445,1
16065140,0
62607006,0
128072631,1
54055541,0
19775673,0
17879241,1
109099014,0
19724858,0
319044545,0
319087257,1
227188239,1
283721399,0
24980717,1
3152299939,1
251480489,1
370779550,0
3980170816,0
1392648367,1
1226538054,0
2410630588,1
103073080,1
608774380,1
3354994185,1
27465007,0
3305551767,1
616890055,1
255811404,0
56696207,1
595804886,0
931928916,0
23232204,1
17232340,1
108354785,0
257246821,1
20116905,1
488745110,1
2533678705,0
116921689,1
152364733,1
16063483,0
16285755,1
93303821,0
1549981063,0
201102087,0
10776522,0
18706257,0
1431882020,0
620114179,0
38964939,0
137863359,0
17297846,1
137932355,1
105496588,0
868212828,0
365319453,1
3827830753,0
386778779,0
242455470,1
49698134,1
18100552,1
2173243932,1
4275797420,1
3666321797,0
214697672,0
3248537885,1
2882040767,1
4149614357,1
3392783079,0
14135426,1
17687436,0
142896252,1
1020356160,0
605480897,0
303897925,1
1272561768,1
23469459,0
33723352,1
341522403,0
21787779,1
548192019,1
2935130012,0
3313706340,1
3067290843,0
22728028,1
784875325,0
3681664757,0
1039117464,0
21833728,1
15606793,0
1599266138,0
2526794479,0
16548484,1
1631314297,1
53210156,1
4846632250,1
25717681,1
170465355,1
414421637,1
92695818,1
419587155,0
61868777,1
6393032,0
218967959,1
2753891385,1
116752525,0
151444950,0
136004952,1
4568945958,1
37721714,1
559959725,1
66952587,1
1594513225,1
629512521,0
9410952,1
404861881,0
3084016695,0
15053068,0
199814232,0
3807095472,0
241285460,1
18564248,1
15473626,0
20022211,0
2585001618,1
819998784,1
75190347,0
3303668496,1
2330982426,1
1459770086,1
3139344643,0
15140227,0
3036925536,1
22650582,1
4199228249,0
18961611,0
497221295,1
412753721,0
17914925,0
1475815381,1
937632362,1
3326148334,0
424511268,1
4367766081,1
3235205713,1
120234594,0
3430946487,1
2981727239,0
18967498,1
92587516,1
234106660,0
3297813501,1
1673576484,0
48370907,1
4491406514,1
840668292,1
832029386,1
283884326,0
23339246,1
6185862,1
67513134,0
121544099,0
91947791,1
329458375,1
545576012,1
151171356,1
2386171074,1
398433203,0
3292306583,1
1255098326,1
93012627,1
121022557,0
25159702,0
3663156510,0
703074986,0
3243844151,0
2603477264,0
50832763,0
51303626,1
51270296,1
46904536,1
250433326,0
279271461,1
20668369,1
22688381,0
25520382,0
3000173593,0
253245279,0
27744185,0
2914922483,1
777080958,1
241632399,1
300918984,1
2329214586,1
4559645115,0
20019841,0
26533227,1
136881432,0
1280563154,1
254590463,0
2377247539,1
481627384,1
631339084,0
239649820,1
3251742270,0
1668756914,0
18857707,1
16017475,0
32312128,1
45398966,0
96910281,0
17126704,0
2828410228,1
4570761137,1
5561412,0
237461177,0
31227551,0
581275215,0
4451957414,0
16031921,1
3218742931,0
2787057829,1
3298347581,0
3798320963,1
396278722,1
4347523994,0
20060047,0
2842954795,1
3044641833,0
116846715,0
21789755,0
1663752234,1
21171113,0
64197283,1
1653755119,1
907073647,1
344884814,1
1108828915,1
4562454393,0
421368541,0
25491788,0
2802894121,0
374623492,1
77682077,0
3094091425,0
4853872077,1
4830014350,0
912850946,1
3245070880,1
417631044,0
20655790,1
1249321813,1
1362073404,0
69723718,1
97928959,0
356432115,1
2390002682,1
27311719,1
786523014,1
19350452,1
3374124494,0
302886547,0
15692988,0
588532665,1
5994222,1
31524003,0
14676022,1
331470439,1
359395687,1
540658490,0
386152144,1
38470841,1
290992211,0
243957696,0
636308238,1
343473332,0
25562009,1
558903816,0
829845230,1
29709101,0
3213024293,0
954919512,0
119028126,0
16119129,1
486894694,1
460350021,1
63881981,1
3004523597,0
28473477,1
2887988203,1
60113766,0
37805638,1
22336731,1
114896223,0
4145132608,1
22805192,0
18505910,0
581448938,1
391660604,0
77692004,0
2321936329,0
43953685,0
24224451,1
612214986,0
2990100743,1
2375679326,0
401090263,1
515092441,1
2868495457,1
350599621,1
10615232,0
572963140,1
25411456,1
68493947,1
26914552,1
18170310,0
441987495,1
209791562,1
3353604197,0
14098960,1
261970297,1
1940002770,1
18924570,0
4745397493,0
4676509686,0
1272820076,1
2391561805,0
285816337,1
221793778,0
16504629,0
24762473,0
155297117,1
813286,1
233239401,1
522406656,1
3720162797,0
58033300,0
7998482,0
401838186,1
606448861,0
3633381875,0
456304742,1
3213020939,0
365506711,0
22867313,0
14429621,1
213103418,1
245126095,0
4707314476,0
15935833,1
360099026,1
908327810,1
3949987162,0
68361126,0
3192808928,0
270108725,1
1330457336,1
715467692,0
12670512,1
167244635,1
3168915408,0
19422863,0
258138462,1
22487839,1
1689882661,1
400179351,1
46726877,0
20193935,0
84183248,0
59536644,0
4041289161,0
392915484,1
27298118,0
2559420968,1
9905432,0
46015237,1
200019244,1
56874448,1
23176276,0
29831339,0
45453303,1
2694576948,1
83168909,0
135600854,0
2478736706,0
707192895,1
46286710,0
723115219,1
374302139,0
23856851,1
3421054109,0
3237277425,1
361665982,1
2983235777,1
3951500837,0
75971829,0
26888432,0
120052972,0
3012698816,0
233066768,0
2641993872,1
3111872587,1
15250836,1
470311246,1
18757129,0
24586778,1
133733076,1
611470981,1
2225308854,1
57792214,0
19890945,0
3435218824,1
501594681,0
15982534,1
458055470,0
147940901,1
191265926,0
4369475717,0
71584155,1
176635092,1
1113306607,1
42341301,1
3241931810,1
148315696,1
26168949,0
1404379519,0
2588699732,1
364057640,1
49135957,0
20730021,0
21925979,1
62932775,1
2204137836,0
2321141725,1
65984473,1
168055010,0
617370552,0
125787425,0
605695013,0
63315485,1
401624214,1
51241418,1
497455035,1
1096224391,1
193491059,1
794779346,0
3558102739,0
382288706,1
577669101,0
1731136454,0
1543918632,0
39249305,1
171644889,0
3133064804,0
140163338,0
85435064,1
14483353,0
260582213,1
130617778,0
1326336512,0
230001511,0
18978610,0
4916465741,0
770970738,0
3293127266,1
181712154,1
434340312,0
326524753,0
4764146972,0
233531231,1
4855151831,0
22509548,0
3396282117,0
953884172,1
279310488,1
3694107253,1
36809571,0
866347292,0
45399148,1
3260577890,1
770193068,1
28938948,0
384377816,1
456356052,1
63835589,0
16125224,1
3021945236,1
66723691,1
455295427,1
159405287,1
14728168,0
335520416,1
342373441,0
28551948,0
58906742,0
3065753301,1
324171587,1
16189392,1
1018199904,1
346137929,1
432137043,1
60919240,0
3350923527,1
550131748,1
131678361,1
3310520869,0
130344773,1
14587342,1
28042270,0
3294014750,0
56623848,0
3231861678,0
18407451,0
96498932,0
19539739,0
287469883,1
121536152,1
38370559,1
53575971,0
25645556,0
185924125,1
16534580,1
516880804,0
222953824,1
47205120,1
745743164,1
26420738,0
22703645,1
1121730660,1
455793433,1
75145849,0
1407822289,1
1169024594,0
462104542,1
2284046858,0
52973326,1
270127916,1
29993649,0
20884200,1
1152122941,1
79039503,1
17236830,1
14682928,1
631911372,1
8370082,1
75632916,0
31044441,1
40116885,0
405907549,1
357299551,1
15427352,1
44111074,0
21087670,1
160330863,0
893766840,1
5741722,0
152031457,1
1246236312,1
248441714,0
1078398786,1
65006421,0
72468370,0
44166074,0
244782701,0
14827581,0
42884466,0
39551130,0
136435350,0
206445421,0
18303287,1
1544916589,0
3227508954,0
1265423480,1
73102369,0
460271344,0
6326912,0
43447128,1
1274730728,0
23062002,0
163421579,0
930682063,1
1457443520,0
18129237,1
214672188,1
28599157,0
404361719,1
4835514688,0
379484142,0
35548003,0
351168626,1
131839804,1
512764130,0
13098322,1
2386082112,1
3330180939,0
32775800,1
3141672447,1
50698933,1
216747924,0
396806693,1
482337852,0
4363357533,0
110850383,0
350429629,0
869078702,0
360876605,0
18712812,0
42710590,1
454185721,1
3386858859,0
2853749448,0
56573807,0
3266547816,1
55261809,0
1115643872,0
180058006,1
1670726905,1
18030431,0
508370809,1
80612021,1
17628944,0
1978672945,0
1498686708,1
972632749,0
4049940747,1
309282144,1
85692789,0
2753701960,1
57777146,1
1059240924,1
72160645,0
21008418,1
586076955,0
1779465044,1
4809677963,1
313583882,0
561599944,1
3154638695,0
23565637,0
107773039,0
157013620,0
3384941596,0
234053893,0
327151632,1
125468736,1
4053359364,0
18183900,0
1325499482,1
24162430,1
117091842,0
295855693,0
21667122,1
3384641532,1
3354059817,1
115745371,1
14373338,0
54964066,1
752209266,1
378933826,1
120165393,0
49842959,1
4411226787,0
276128578,0
3372916931,0
162960384,0
376474550,0
1905848982,1
21318519,1
90973104,1
47371672,0
3386551109,0
74605052,0
3220609116,1
3201364209,1
72961116,0
18685740,1
258885469,0
36276015,1
363768752,1
22511812,1
47819870,1
3165606911,1
24538779,0
4874091305,0
35672554,1
367978765,0
1223645563,1
2266694804,0
2170658222,0
20567250,1
1042747801,0
112508171,0
237168787,1
1019903540,1
15197471,1
22154680,0
803331092,0
3386688502,0
2252839610,0
250804122,1
2959497429,1
335048584,1
525061815,1
409541058,1
167132770,1
898865990,1
296571098,1
2205051136,1
127606931,0
341305767,0
16129920,0
169150781,0
3225812603,0
21611445,1
3415764736,1
450341380,1
90642314,1
95631693,0
1018010233,0
304140582,0
290114074,1
328531232,0
15496068,1
731195041,0
99572856,1
102830176,1
14098607,1
900431125,0
25672636,1
80198760,0
19198124,0
3977237722,1
158276384,0
18643437,1
811900688,0
2394868099,1
18586983,1
417444187,1
20361649,1
252747499,1
86388028,0
61136501,1
25365986,1
562332180,0
3588788172,0
449882975,1
266651693,0
1264616347,0
889994834,0
578613484,1
29216764,1
383945669,0
557712830,0
1919254237,1
284559613,0
37105616,1
31512585,0
140936513,0
272990790,1
26787906,1
34401125,1
41634520,0
3398770055,1
456156740,1
258943803,1
369857384,1
2327730036,1
390418074,0
99373028,1
4171483153,0
185747301,1
82016727,0
50371921,1
16479107,1
125375423,0
17998216,1
225671375,0
334849468,0
3440693962,1
111635980,1
18179659,1
109257354,1
3224596479,0
595769410,1
234822928,0
14862747,1
269092308,1
444894135,0
16340466,0
31297638,0
1066775528,1
236171160,0
16190478,0
51951241,1
232901331,1
258025056,0
7717812,1
236187892,1
619518150,1
161980094,0
135371020,0
805756028,1
300890854,0
244439200,1
15463486,1
501890049,0
61567598,1
63478261,1
261951270,1
988874574,1
415333411,1
30737590,0
262322667,1
58143375,0
96617400,0
16485793,1
2156883990,1
7004382,1
18166778,1
332417149,0
2340959090,0
1172823799,1
560079868,0
438966172,0
3449429727,0
295983299,0
274295019,1
2835313796,1
3826751115,0
191953703,0
324331427,1
4269568049,1
116489559,0
43674519,1
291913662,1
28387056,0
1589624701,1
931449853,0
1548152606,1
3861646392,1
213861803,1
168221275,0
158774277,1
24892146,0
3837629183,0
286432534,0
339902551,0
69522399,0
1179929762,1
16035724,0
1074518754,1
2414942622,0
604589177,0
46980135,1
68611923,0
1014371204,1
67389567,1
172811469,0
47365941,1
147284936,0
25473430,1
354519705,0
287362420,1
264386210,1
254054171,1
362170102,0
74901728,1
82710096,0
272768103,0
125111640,0
3363199611,1
406294981,0
16193222,0
2198059776,0
2717172436,0
80350523,0
359009425,1
251871697,1
54274901,1
4163830211,1
22812754,0
1230281,1
243239561,0
143865859,1
4149690013,1
2479033339,1
178126125,1
75935868,0
2881431740,0
93519410,0
1351048662,1
2683739172,1
1019120136,1
228592234,1
552059150,0
154985728,0
66348428,1
3388287537,1
227144500,0
53019309,1
18235613,0
4398893717,1
3402779085,1
3622904116,0
444241808,1
31819618,1
14581233,0
15160233,1
58510019,0
3087045099,0
624805598,1
336693285,0
267554482,1
249846158,0
26063171,0
1671234620,0
4204944707,0
3343603108,0
14125897,1
41889949,1
272729976,0
344870222,0
371222723,0
69084726,1
342301350,0
69086398,1
196867714,1
87429132,0
1378057123,0
29017722,1
205425209,0
133796790,1
234250191,1
3103714278,1
32748287,1
3277986193,0
964608343,0
54198185,0
404846338,0
174385219,1
558839534,1
48229546,0
712510682,0
325162750,0
250784170,0
3607982174,1
277252491,1
3142600819,0
1445041303,1
28667949,0
368054396,0
3302686803,0
1137275306,1
1390621278,0
830320254,1
3430813821,0
112047805,0
3285110376,0
3885969088,1
70707457,0
250602315,1
122210008,1
3093343595,0
75785294,1
339226628,1
3306434174,1
622713510,1
72660086,1
347555346,1
288716091,0
154229540,0
113475955,0
581528553,1
231695300,0
41003460,1
135679573,0
3439264919,1
89043072,0
4756622446,1
864132289,1
41918119,1
3229628282,1
698283583274934272,0
2396897652,1
574102456,1
630741752,1
36976178,1
2241141565,1
332405849,0
126884233,1
720832873,1
30056479,1
401692839,1
170739116,0
865352095,0
16006592,0
2688836640,0
469347112,1
3301050255,1
239548612,1
4860782064,1
1358832422,0
113726030,0
59159771,1
11673352,1
36009071,0
808108063,1
179250421,1
3383830631,1
269489548,1
14753,0
2310866756,1
323480802,0
133995083,0
1400892782,1
63479742,1
3228579692,0
4828937494,0
318568656,0
83164540,1
47209955,0
2237668254,1
308706984,0
371019970,0
2874309459,0
306362848,1
239905257,0
15281574,1
31305822,0
16871587,1
65100875,0
248890039,0
34768966,0
17073913,0
1392114715,0
250568112,0
15873978,1
25751784,1
15286245,0
3409741510,1
1247402868,1
16083346,0
1296276582,0
3077715918,0
21428607,0
255620328,0
102835610,0
16571022,1
48417802,1
126145604,1
2435896604,1
8426992,0
2485713498,0
22662407,1
2445877758,0
40742421,1
92079350,1
104905030,1
1388443207,0
3290965597,0
707732605,1
2759261691,1
55451509,0
164044641,0
332564767,1
2874826685,1
249844021,1
251268932,1
1247049150,0
3317008596,1
390948080,0
2304084548,1
212262370,0
3036953137,1
2976321,0
19950642,1
72198806,1
16414197,0
324739597,0
2525327236,1
292765961,0
2894548325,1
108663700,0
240517229,0
17243582,0
16574916,0
14181258,0
776699401,0
137386304,1
1542176725,0
452471922,1
24333238,1
137407124,1
49825755,1
18493766,0
23480020,1
62838480,0
362130950,0
21896019,0
85349317,0
3816062073,0
230348811,0
1448933479,0
57174231,1
16753660,0
1666746246,1
933194376,0
44236707,0
124557613,1
259756955,0
4123554136,0
3387643623,1
28923371,0
2864991063,1
946950798,0
808052682,1
1270126526,0
26637348,1
210927444,1
198723830,0
4707736899,0
170020980,0
1149332420,0
240760644,1
17622723,1
242932624,0
363977742,0
1560561314,1
3362016513,0
80632388,0
768996900,1
128606584,0
294456611,1
378605251,0
282545479,0
18648150,0
50921647,0
16987649,0
3377956114,1
3910931584,1
2551681279,0
14477698,1
832414616,1
18368976,0
825954866,1
37794539,1
4049397974,0
237314127,1
16915893,0
396162603,1
195169085,0
15362801,1
36667104,1
37920978,1
4645670297,0
19127890,0
468724889,0
222140985,0
1950590545,1
2497687746,0
24613245,0
1902069210,1
316560367,0
500405603,1
90884059,1
3360608354,1
21154238,1
102251724,0
186562260,0
14761935,1
21349488,0
158949250,1
246674916,0
4831215533,0
2943056874,1
16569663,0
429618189,1
249801925,1
4832223712,1
122748428,1
3344262977,0
2616198164,0
3268911565,0
17296109,0
104342107,0
19173608,0
271527587,0
789891702,1
40865818,1
75905761,0
228749782,1
2931614557,1
494530927,1
490946088,0
3386731679,0
2190922251,0
27516169,0
2756075913,0
1173796008,0
25798693,1
2356487101,1
113844869,0
3426595955,1
50041595,0
4729801216,1
2493532454,0
525641117,1
128967322,1
201455164,0
242678261,0
76350004,0
28107275,1
2470337090,0
17389318,1
3075856310,0
35679148,0
44171273,1
2582400011,1
573084423,1
2781341306,1
52658832,0
2881993697,0
2882116564,0
17569574,1
39133485,0
410184642,1
36452050,0
602385772,0
39000115,0
110802309,0
31048695,0
11614352,0
4706060432,1
2198520966,1
14604205,0
2821873720,0
90010864,1
37486774,1
400482109,0
302189702,0
201269815,0
14247096,0
560804945,0
3374095166,1
16606215,0
14357495,0
1231686769,0
468875350,1
25392696,1
14462915,0
25102383,0
316818398,0
4830616640,0
33418013,0
1563460766,0
109280446,1
135296855,0
385429543,1
71387443,1
208965399,0
25848157,1
4193358614,1
181033826,0
2681403281,1
2252692974,1
3028999840,1
634182940,0
26361966,1
246590464,0
46955476,1
2169050300,0
4745613554,0
27882000,0
3158574654,1
3012613711,1
19359749,0
931203792,0
905327454,0
749731844,1
15497238,0
244655353,0
15187624,1
71644329,1
14267557,0
297844631,1
19538400,0
205692707,1
83277772,0
39235181,0
23090254,0
3874159216,1
1179331,0
979422440,0
14824759,0
1115827825,0
20844550,0
32474693,0
27868821,0
86572746,0
3222209577,0
23703056,1
31581851,0
78713947,1
310611310,1
336679485,0
715054813,0
112929886,1
3904956605,1
467680523,1
380358833,0
291753876,1
126697180,0
16807199,1
62685869,1
62343897,0
858920012,1
38443092,1
7848802,0
15620451,0
2371211173,1
3344706796,1
138607646,1
860774821,0
33021433,1
707305604,0
5412522,1
365579726,1
16088535,1
3874263406,0
11825392,0
137523728,1
41764193,0
3301801318,1
1355278124,0
2782262306,0
2754774448,1
15025385,1
20017835,0
65486860,1
80692672,0
1378289096,1
107464542,1
16948007,1
66479106,1
209487731,1
336237145,1
1545950251,1
355257204,1
125993975,0
26539256,1
17130106,1
22441656,0
3889878142,0
1381130749,1
3306678619,1
168673083,0
2790869677,0
15600527,1
332876684,1
3561529155,1
385105064,0
3266492972,1
30761555,1
4568399421,1
19714200,0
6751172,1
892111028,0
17289289,0
25086658,1
38225293,1
1465917727,1
4056151539,1
3302758570,1
540060814,1
21896804,0
423781079,1
28414536,1
40608796,1
46177582,0
17980920,0
22181755,1
997788187,1
1977245696,0
14124000,0
3271428955,1
2419819718,0
3438614458,1
21044752,0
15893354,0
2984828909,0
15112845,1
86102456,0
3267459871,1
131900363,1
51913011,0
1244602136,1
2309160228,0
874732650,1
14935148,1
7437662,0
3252236718,0
111381659,0
16797776,1
39251485,1
570436599,0
170921358,0
340136728,1
200885527,1
304625742,0
20618238,0
2217837433,0
3285498990,1
380324949,0
579932905,1
2843842437,1
2425957368,1
4779676104,0
953173152,1
195856294,0
221260532,1
158820629,0
2471425806,0
823691136,0
862374578,0
463765807,1
218325695,0
353942831,0
463352013,0
23442090,0
15519766,0
4033886218,1
3107678144,1
1129681555,1
227520992,1
4699784448,0
1519992018,1
125679377,1
600467208,0
258618079,1
22827727,1
72737936,0
559906522,0
8660462,0
17544524,0
395728089,1
3225615220,0
126584285,0
62123765,1
23549057,0
278153569,0
210982195,0
401525470,1
2732199194,0
1135422806,0
1127884477,0
146166918,1
4729495227,1
14195743,1
254097441,0
913449457,1
206525910,1
918169628,0
1638779989,0
27074082,1
14873837,0
460455648,1
237887833,1
250212348,1
385412944,1
235072957,1
494141514,1
16656993,0
37545086,1
117580072,1
29388019,1
20543696,0
281874805,0
188191969,1
61609932,1
262150570,1
735839328,1
174149115,0
4864258233,0
1365487406,0
20959509,1
2164218828,1
5542742,1
95720207,0
245513323,0
26722530,0
2594324894,0
242882658,1
16607495,1
18746212,1
747782148,1
794511126,1
48414199,1
15103737,1
129386020,1
114280960,0
622297070,1
431728339,0
11395432,1
4752127434,1
20024423,0
3130401,1
416973960,0
791893795,1
459892300,1
11370392,0
27481290,0
68767026,0
17012466,0
1576172480,1
931672314,1
398413123,0
992968910,1
2329210838,0
3192607970,1
330517774,0
59557506,0
64329737,0
900708241,1
236508356,1
24300389,1
598405922,0
2571871261,0
1287028086,1
585964627,0
25598752,1
60215837,1
18769823,1
2471494160,1
2302329205,1
2685907627,0
4923811,1
3577593918,0
268634020,1
3254017719,0
294084341,0
149212376,0
620604622,1
29600767,0
86618676,0
241207373,1
4823009955,1
4064180956,1
618481944,1
2251341240,0
43018063,1
21831505,0
49150206,1
86836768,1
448371328,1
17888436,0
144360870,0
46963,0
35477286,0
4495923140,0
25733484,0
373683618,0
2995305211,0
341226434,0
3235692566,1
36578556,0
2751358821,0
2455796682,0
1132806596,1
1391074627,0
17655090,0
214169085,1
45876237,1
1666516826,1
323662027,0
25002819,1
153944899,1
23403105,1
106054169,1
3309654696,1
16147393,1
15431938,1
48590274,1
303512493,0
7131782,1
836232336,0
19899606,0
509090324,1
285710435,1
90557915,1
3257146604,0
4663461,1
4295068272,0
478189568,1
131373681,1
71132538,0
2268034429,0
179245596,0
73408582,1
1857007009,0
18170890,0
724753326,1
1465001628,0
545530500,1
290742848,0
3184935853,1
2790376621,0
365087295,1
28329944,0
179380395,0
5555292,0
13023332,1
2469936716,1
3958178062,0
35326696,1
97171189,0
636593916,1
326917598,1
70497129,0
14418481,0
429391248,0
1330159460,1
263000280,1
1877359123,1
25835740,0
4148518693,1
87603593,0
15496315,1
87318833,0
148397910,1
1589150083,1
1575689569,0
18343798,1
3333062421,0
15314812,1
40344355,0
231596857,0
729842940,1
42995067,1
361400752,0
161297639,0
219684112,0
432990474,1
74045681,0
174568000,1
74227418,0
128134045,1
25186026,0
2716184392,0
109025212,0
419243176,1
1906951,0
22012091,1
142721190,1
860777012,0
2745838338,1
4207961,1
49217025,0
33075750,1
3956285842,0
23363658,0
2736700434,1
34676138,0
119841769,1
20810761,1
4736906367,0
2585382418,1
3964942633,1
304417318,1
99670103,1
808069566,1
210975916,0
38460804,0
27427649,0
110925987,0
3389770233,0
15617113,1
26509199,0
2282546678,1
17147083,0
288870124,0
27975880,1
427655573,1
39254469,0
2848313355,0
1759181,0
56745107,1
16957166,0
29862776,0
339383594,0
4657486636,1
73595284,0
15267773,1
308662120,0
15893116,1
300954286,0
2281541443,1
67072029,0
328587148,1
15831521,0
3237359561,0
1941436753,1
14413441,1
3981225735,0
5514642,0
3165033669,1
938922182,0
69993388,1
68923880,0
4670088800,0
189873822,1
71627462,0
346541497,0
497473185,0
203936106,0
1173685621,0
22523087,1
464926743,0
636839895,1
95056798,1
242558829,1
22578763,1
66768858,1
22230121,0
11345,1
45993,1
285097277,0
598947276,1
746263038,1
423966379,0
440917319,1
