uid,cat
15865178,0.616346455508
15691217,0.684403193451
313008342,0.249185252098
169018290,0.352398907752
21692297,0.0558841751626
142075152,0.161700833075
3786822133,0.854321662985
2402059454,0.475687055911
2460450793,0.179542825485
838557542,0.973705224183
601979135,0.283343693228
1571714280,0.475297519634
42084426,0.35877957371
179948811,0.676303648996
2736300903,0.946142647566
26838084,0.458115060109
3249374986,0.583694001345
36532324,0.433356996517
1024827330,0.0308888630887
1421998471,0.29915897774
33598182,0.170542963129
218526734,0.0300326692066
23139642,0.253718283768
387862476,0.0742770464363
2311099634,0.502827630378
2522001204,0.493626599561
2377691090,0.737698091645
225970038,0.368570129284
4063127891,0.892746472562
265678117,0.564919442371
7871622,0.431738727812
236906055,0.550757602653
534638680,0.235379117323
21111098,0.512443506376
51537566,0.248349684745
2298671550,0.727279084056
14179097,0.355708020871
359652362,0.723651090933
565042773,0.179632103425
19550464,0.484465529191
23724083,0.979627322695
17147415,0.987435404422
347971482,0.349495377548
1334852306,0.547883313524
310271883,0.879228560224
221179155,0.195429242105
322868425,0.552093645084
820068792,0.638851155381
77050817,0.0293698694379
14246765,0.284480810924
118245138,0.00905035906522
14652207,0.954992282406
67181051,0.051808279165
2438762940,0.286643371666
1450526228,0.548830839605
472145673,0.0602259610281
2993222656,0.66616807261
24048309,0.0828370312101
23839068,0.917612673122
4204474265,0.912531420555
2369153479,0.393886580044
48789206,0.74253482773
310199546,0.481862757463
698663,0.446121686126
19797212,0.222450544446
300538516,0.751606641405
1370926345,0.230273079375
472515859,0.665654206697
24173766,0.737945614956
240984102,0.867218179546
273177474,0.722517251172
247905865,0.162130998696
292699555,0.24864601
333615931,0.961824999271
370216378,0.310210706123
237820048,0.156733905447
96043691,0.36279322506
129679132,0.239271986294
563387452,0.337436865148
342460950,0.641878323733
15824288,0.341539719591
109307442,0.798619397238
1590693098,0.516286970469
111475826,0.325314205685
1242653575,0.573097887347
4634118211,0.774404995706
236511574,0.907439873746
14991129,0.527315613449
221637541,0.162986344414
293765638,0.421032893876
471617923,0.354797775926
238206354,0.159142806094
294452239,0.542529766598
10791692,0.790128937677
4490213472,0.739091756149
254640843,0.458826664377
3015956192,0.704660407594
3410807495,0.105971181633
464790606,0.0773340239535
2667881743,0.401247751623
23442900,0.683523026692
19273332,0.135186894675
22005666,0.197231047767
260036406,0.453522344933
23680387,0.155857461249
20912252,0.507728884285
253081186,0.539579754282
76540301,0.456388919357
14869615,0.579637426602
15519984,0.961217795815
21907474,0.513388429287
14607035,0.699066312473
830829828,0.426532546973
1645759142,0.198773921928
187658030,0.015080324244
148828676,0.880854330826
199875709,0.306663537178
154139987,0.910990300566
277719684,0.432180351788
50574380,0.377123618201
768415572,0.979962738467
444361536,0.5584599036
12374262,0.847076726704
2657622183,0.651101344405
3312973854,0.464542113214
139738464,0.330050926114
219867689,0.999520005004
133801267,0.573976613904
240303484,0.574045490891
696533957651763200,0.348784540553
20479813,0.495481581318
389236289,0.410778884304
271997092,0.40655473539
124763921,0.0898194211303
3539836095,0.317675349029
27109629,0.149409595908
100402803,0.689958316494
16384077,0.417966954667
257912039,0.727378413467
1024999375,0.0422800321282
254283743,0.938676879444
44433231,0.926489162322
105764853,0.845607370454
84126644,0.708952878031
524916657,0.0298093348399
24469207,0.643498584178
3259494140,0.123066746907
2317921,0.994728305689
592348961,0.950297652878
49349804,0.174120113566
948620310,0.265067666496
190328374,0.290717119769
22903890,0.947951462862
429543135,0.191452219106
549596819,0.89553478688
22568938,0.964420528344
20797433,0.550392819145
77544463,0.0642884095427
271208038,0.611781057287
340506013,0.340666003547
4433841208,0.295554651455
2607995856,0.62884705326
3300064481,0.168705533353
358305500,0.648611389237
338701477,0.190378975941
2685519077,0.644159547037
14466538,0.906666861343
518027987,0.717605611833
251986226,0.683575211667
102150935,0.151127188837
2869068720,0.446653702269
1681857542,0.612334964522
18525137,0.228337226473
111345339,0.722114504041
923985200,0.906219209513
4903974179,0.0614033917816
4176516076,0.906620008209
243639047,0.94688189451
42130355,0.274097130593
27254400,0.220847203078
3882727697,0.810602463512
58915476,0.45866874503
3310526178,0.411547690223
227595374,0.940872508907
23908154,0.485903778416
15939889,0.0549677869155
1417040330,0.31521394957
15027086,0.680929142441
262341541,0.212191271017
4650885269,0.889048809554
56452670,0.386730923333
112533514,0.474092789445
3515547857,0.087017624772
1700717659,0.268773585477
274704311,0.135115517648
413362813,0.840058626104
19616327,0.471100669139
363247022,0.585892384383
140564601,0.366747834807
329899747,0.519668654664
267021392,0.69459366221
24325228,0.261163854354
4606770373,0.21543945669
16829641,0.318613777603
39608768,0.247794418107
16340501,0.26636127273
354197301,0.819208537824
258203630,0.63654457056
170547167,0.906359213726
424446981,0.975581678452
2462808887,0.437397666782
17665196,0.821705147392
20733972,0.223123963606
139853489,0.595602755223
42229538,0.609078260117
19552358,0.509627464733
16430180,0.546150652844
218993683,0.464059951941
1072520654,0.5726106596
4847815478,0.0603638384715
779495720,0.326194983642
1510817994,0.571719418707
1216086978,0.992402913754
52237499,0.487588636166
12154642,0.78088909536
88551731,0.384524835954
357936154,0.904009913202
16984426,0.573435749293
16317406,0.672470784266
17905825,0.624538190794
24024964,0.0545285362372
918009306,0.659000356043
120835788,0.411913496883
22737278,0.682782708154
2730584163,0.031796466569
11866582,0.861484116945
49825358,0.0956194043758
47448886,0.00297839814352
15528275,0.539201848379
89781370,0.207703532986
1460760210,0.431252355983
925795734,0.342981687825
35779221,0.618166196347
378181419,0.747163937309
372892570,0.150136730543
407805674,0.326915379493
1469822852,0.838184342394
4049098757,0.585860101681
2248799216,0.584943299818
97223142,0.0674555954072
3329931629,0.145369092663
21982720,0.480967213092
889115678,0.23220341686
320027703,0.923849481298
2576136230,0.960864589887
564091125,0.591770617028
3310028162,0.666315120285
579491814,0.10117339789
250912539,0.661294967132
2951975306,0.804339037541
31237069,0.431795671373
2154273384,0.00956062040892
44638576,0.483092406135
93574095,0.860236840394
53848598,0.28534471835
2348922644,0.249632919943
180633258,0.948868007742
4855383726,0.118773468888
180653053,0.213588737493
11699992,0.843315640554
4353841283,0.932234620785
26447622,0.664017718597
1900539194,0.338305842951
119495864,0.946053039861
18061669,0.593431370098
83967276,0.351680041426
34377792,0.0336593721471
123327472,0.172804652176
185506471,0.401394390452
617318310,0.184319244791
942156122,0.19493511665
903105691,0.346244607537
61003613,0.786125275134
481430749,0.336822737541
304222354,0.810407969773
2333040390,0.220163913474
152818187,0.0454724194005
31218079,0.36215067699
161210880,0.291331958336
44495316,0.556280921044
113758100,0.481323651901
3917008632,0.0636744526428
49140008,0.13301528863
15355596,0.695643023888
869207839,0.90038428726
52897731,0.349401815108
3195330108,0.933111678757
2308265716,0.115635818588
18496709,0.352678965409
261350404,0.156883502956
4302290188,0.91523282266
224391627,0.373656085608
4834734315,0.324213424516
5357812,0.455215657664
16447203,0.371178386148
137525850,0.858148333521
138977055,0.962370544629
45382058,0.121529263817
483078503,0.0082847768543
3946365557,0.238024921225
19041801,0.661220555924
14154145,0.575988403369
930506466,0.00928539066647
24004161,0.458871617833
14193053,0.343897210733
3242279563,0.167242567191
915924998,0.749365324313
2651844968,0.252799319824
1340365914,0.679491583935
123879401,0.477649266332
805307714,0.419357188212
237131131,0.664478566234
376542499,0.630347953114
1319295614,0.992448737299
816614216,0.707970271045
156745023,0.623304053023
23721547,0.0872138524428
513778623,0.504299849376
1614251834,0.449104769555
16246524,0.401672483299
804734372,0.599904614758
1355828240,0.853051767896
3432209199,0.236493702835
178836499,0.484038242688
40271429,0.145059993342
3587553312,0.618825058895
730587960,0.472081359642
15097698,0.415118773151
270053769,0.33003195849
23566062,0.806203951806
2300073361,0.588940146734
1143368334,0.926745751441
1387885346,0.665829131886
942868836,0.39800952686
16673480,0.437697836343
601290874,0.818288404261
96426017,0.220316084877
22952100,0.747495321225
22728672,0.754602663542
1360631528,0.248580770878
113431424,0.0704229138399
575504644,0.323126325952
2579109732,0.756125241851
2292547999,0.637584249798
20631422,0.455588446782
557465085,0.219036868102
5815162,0.894075011874
23970102,0.265917766278
4597457008,0.548755436756
354771693,0.986960177073
46315702,0.238358137252
1017808566,0.661440788767
1966845822,0.117756195522
47208642,0.0588135522166
75893701,0.250005791197
22869375,0.506301280475
21786220,0.937889669983
289623381,0.820284101206
18978553,0.835063054802
24891056,0.0459116618591
73730139,0.69842870969
274813393,0.909556495906
749598222,0.911149046286
176850599,0.205313165221
7457112,0.984329029741
14815439,0.368490677671
3413738387,0.68160822291
55677432,0.637391940247
3424299539,0.749815484158
17914526,0.944324429573
72638139,0.0384151646513
306614871,0.297738930651
26073624,0.943438323351
1592078822,0.304109782121
161487326,0.581138256044
757345172,0.0216261481347
59917627,0.630421866738
418308596,0.622095979139
25376782,0.619507565588
3325576474,0.184936772374
22591029,0.482463168206
408220808,0.961880871088
3051944620,0.0634226257625
32698651,0.795581513266
579377606,0.952153345821
540815308,0.134288324496
256765371,0.21081282109
251831537,0.40776944845
152204625,0.765671945487
164584108,0.863804111792
24091175,0.36487097306
20961223,0.879565966974
476512333,0.667804919597
12199912,0.578940717529
15030319,0.502445370832
364968370,0.940217986767
16882190,0.962534910311
54193002,0.0217447488648
822568802,0.881952843403
42244985,0.839209039686
1115336587,0.823473502336
134924292,0.470880445881
3388321263,0.620745415129
1901990995,0.970838447222
10688432,0.903918258326
14558556,0.397424160256
17824265,0.676594052979
22402879,0.993147137499
3093158331,0.788508900144
253110749,0.350145452453
3113088297,0.0352674931152
305216911,0.767439545178
88620317,0.870987557424
73829388,0.740544586157
15368831,0.201900151087
166633303,0.0826554813345
166272944,0.757258850956
428741825,0.872477656799
171213128,0.928330092987
273189570,0.708545258114
247981000,0.955629730991
164369297,0.447093173564
76452765,0.0551361808976
185903495,0.0593053410323
28421062,0.64693415932
1421631721,0.951374222251
265183253,0.921431558754
20444684,0.811612209742
1975823378,0.215396333237
386640525,0.149319911951
1692609740,0.905766858591
212634446,0.871269579289
2718347636,0.987569615399
568695530,0.754719571613
586319054,0.563800155929
164447901,0.679402761744
2865560724,0.564990265931
3332640269,0.355598902294
3998221213,0.170870263887
939015420,0.779206840047
564813651,0.435625411206
31146195,0.759854911368
15248019,0.701998603337
126668055,0.594696846126
2356549188,0.691412047039
28417752,0.94706257283
18259073,0.188583036309
357810318,0.295568222671
698513665687818240,0.723685143268
16442379,0.49694148331
3750639374,0.318742007903
47611798,0.350988038206
167214012,0.597911052178
2941152252,0.936075987411
217145597,0.408619834353
1414117614,0.587356933454
2148580382,0.546324826672
248109607,0.741795763988
348819508,0.980960400509
41614718,0.0283160434006
282392522,0.590710914964
317808744,0.460055753953
507415283,0.139307426841
28390436,0.32098158806
3310696012,0.536922298122
38542427,0.864887902401
3299860077,0.470434912543
233949261,0.90531471575
48459553,0.647426548854
1884904412,0.179809322731
3913470017,0.540690090911
2949261587,0.688482948577
586132952,0.125669997927
1957716374,0.835040273374
27067245,0.357163089047
74662993,0.732795050177
912634680,0.605758869344
25907345,0.777262610621
363437423,0.604443329879
32291954,0.343690153233
187253039,0.462696979236
780786054,0.973684397963
357461232,0.0702390615221
218975278,0.638988479389
733028388,0.329407417831
332638577,0.917878933719
1963094388,0.128945534272
314797521,0.404490575442
15416505,0.795707905387
102446768,0.782295343503
20824022,0.131177445341
4738383390,0.731341541143
3301127227,0.466718367111
4751746148,0.862851466574
1647061712,0.573172408425
103508045,0.288612394933
3450964103,0.494525805045
123035277,0.553518647144
19372353,0.197485681561
101626804,0.526329410871
1155273433,0.72907899973
2818204127,0.963915018345
25523383,0.524614721848
19911013,0.428009299603
264377994,0.725311450121
4434223398,0.143578514708
2808067079,0.193413076729
2288286854,0.884986266653
215911580,0.809498028467
1313339132,0.272273827752
3279196610,0.249976998468
17995040,0.491703290832
17291452,0.256438751764
487840423,0.597602537095
2863728977,0.938656827469
4218913349,0.897365441396
2387111383,0.254574474029
14345238,0.651265988758
18873014,0.623839084838
25653022,0.0840397411958
184780576,0.747802363052
3885414492,0.4610181721
4581287603,0.729461375011
1692555433,0.624865477105
91882544,0.22352225426
33581258,0.956807479237
2534195028,0.638025634729
8921662,0.622924662216
266247126,0.32726949665
15880231,0.91494526205
54941938,0.125671374113
3306201620,0.422443482904
223554780,0.914617771641
106843663,0.296364649874
50678562,0.135397926693
5410962,0.387993348338
1506845246,0.456545245132
4635514699,0.539854466843
4522269616,0.290315991414
2561564432,0.437240359318
2502348015,0.301880090662
3171896913,0.307837181911
15592409,0.449817487731
254910150,0.901873175246
22313347,0.853272530057
47738336,0.106110304199
345104604,0.822095906283
383906575,0.605742558192
62521603,0.488006291625
162473641,0.747386196061
110375093,0.286369933796
442306827,0.353788335761
368204729,0.812717125518
49031364,0.894548236596
21056670,0.0291243742473
49964679,0.460012104896
213761225,0.0597371099398
149965942,0.325188120657
126628076,0.652517968347
586125611,0.380638834198
1927205629,0.0509268655931
1536791610,0.435463126238
119074643,0.834010099836
8161712,0.94879407778
14975777,0.707685523078
43612335,0.72434993538
177592870,0.0171477773172
2459129959,0.668449791891
38992631,0.49002925299
125706625,0.320438919987
1164373388,0.531986615506
14640856,0.512454527021
7039122,0.946952630225
432973716,0.396856864101
2300514811,0.0528084759473
4889333114,0.287168328232
88791057,0.793025197936
24399531,0.814420522419
1478211248,0.081992863591
3139186004,0.27675909064
252989813,0.308603340226
789205164,0.557813416504
535400371,0.586766945351
1601889872,0.237644925726
3433390213,0.673412518722
243624699,0.68442923023
15698424,0.69550556849
33962024,0.29615786164
366008526,0.758483346146
952334024,0.897006104087
19697415,0.398392726261
1858270231,0.568960891148
758636750,0.634909053901
2362104414,0.398732230076
3140643874,0.240996487024
3315399386,0.0743253729845
1010979907,0.240944648462
110911172,0.545361837949
100110769,0.817874751038
77875702,0.980852398202
122592298,0.896561656219
191049947,0.596893183673
634904655,0.759963353481
35728482,0.462153538843
322688820,0.569223826521
257048770,0.900245738906
2424639619,0.778563432184
1428047612,0.564953276543
20002401,0.265542295575
3242841195,0.4223790615
1265169745,0.31898674584
22228362,0.954942257959
110632424,0.143062021398
4618300349,0.221624063033
157665372,0.849538362075
255557651,0.550007585853
1380808520,0.109994575814
249542934,0.254081466404
13612452,0.194460328284
15467700,0.389617358702
17842545,0.258780951488
701392680,0.787432341014
2946034450,0.619916529856
81089137,0.100602744057
15588500,0.950144727284
2386034021,0.00720782598873
970818296,0.93334048276
316227968,0.629237288734
44431389,0.442083155668
630030255,0.522067060226
216419836,0.602865735752
21600671,0.210233667363
248286601,0.812917202029
321589427,0.790006569812
550272650,0.841434260849
3315520855,0.48509472369
626006840,0.969892390568
402434614,0.811939800396
124275780,0.766272913831
633426347,0.352649710734
400691253,0.768331399575
4612779200,0.183804232009
390477696,0.73143608103
62132257,0.303668049633
4091481669,0.37381188096
176909116,0.293536976146
2473261232,0.509983807065
85041406,0.250640528361
177583197,0.0220673459297
811624796,0.734260876433
177169769,0.455371190498
41911585,0.804089017021
2964197287,0.363684698938
296946929,0.368542570387
2706201270,0.924444228656
56586281,0.895236592216
141311466,0.245343722719
358421123,0.00146227448963
388666653,0.0190736705796
1407972582,0.608950192274
30020457,0.801041934307
226219881,0.811417369393
2738717014,0.994772584318
56867302,0.630003583956
26448815,0.937032763158
3370353071,0.937448563233
367308660,0.926020053659
1188132697,0.153355411685
29501253,0.427729601451
896342461,0.234324614125
167024520,0.0981626346684
2896326927,0.529083638363
427654338,0.786052834097
58569513,0.909525523301
307897150,0.205959647577
22065051,0.577523183458
1854917430,0.532523506737
73170404,0.612531482353
42256596,0.543691740769
904396772,0.330085887178
30453215,0.3704508737
398284768,0.503396302627
1289674926,0.684887411379
37925384,0.0379625153325
42295835,0.534997016158
126783082,0.552276776198
138910709,0.353878255589
1190604492,0.52250299829
2951005084,0.736455367395
1354732754,0.676662805079
27311044,0.174449816377
3386031940,0.783899868947
334069080,0.644520664224
162524508,0.698580928872
570437806,0.0640691448552
43933689,0.846915519721
408168342,0.625213972235
176910659,0.086309481285
438449199,0.780768741739
21768283,0.477589529773
3483102436,0.13001609172
598348855,0.606306050033
100612482,0.76169558962
3970979594,0.936665622459
524649683,0.268701667349
30229527,0.585771709424
4716070998,0.55349431129
3294955041,0.656321118365
1707682164,0.153466649992
385088319,0.602342174347
28583679,0.349849934858
1600195111,0.893560797814
53104326,0.936936273364
2233635295,0.179867929045
1488897421,0.126202214036
3192012592,0.445237515214
62950213,0.893368779464
3352466116,0.219890985661
1899432967,0.327224224372
124567146,0.790130089956
473524536,0.63488457655
288915151,0.549431104836
103893110,0.65252564987
39258707,0.948775147494
606726493,0.754388106928
111163086,0.249594333871
140571506,0.0617415696122
50073507,0.680893060713
475274619,0.674865220199
160348847,0.113966585404
23722338,0.903242463264
28884165,0.158807556897
1250538404,0.227622350421
3232102722,0.728497089361
14312952,0.139868874088
197417201,0.771387078895
16670356,0.569830762419
3339874060,0.92868071835
2878075066,0.577545349137
34713,0.755644313324
822540241,0.318397773697
40602195,0.593825124025
29810999,0.66810604456
472510240,0.379577479517
3864868815,0.81490558145
2927834407,0.47386683765
7356562,0.565948509097
562517854,0.838149016661
437190314,0.738832360191
33965228,0.0497153444281
20370009,0.0830436117143
55684796,0.946260592755
202472938,0.884076750664
15335534,0.100969599254
536781820,0.79425326702
4149644187,0.974831612812
593175315,0.836446577765
100880543,0.891202034796
542230961,0.852168504287
25422037,0.554893644913
23202279,0.789166296577
313545488,0.405526122528
15738163,0.899126981686
965133673,0.476883808325
23239595,0.752647606501
19360277,0.27063459667
1031872406,0.449568905468
3111145354,0.0424176348148
23458577,0.115904131534
2802332676,0.437170070908
245412130,0.33328014962
555579293,0.491147371477
900035040,0.687841548404
88940350,0.253575294146
335066641,0.705193918645
798762666,0.154650072538
594156339,0.285124719652
123266709,0.468655324198
3452894301,0.0332133958568
14975341,0.519929297052
4197996737,0.762243529304
2728581335,0.746956739351
42026991,0.849912803052
4809119178,0.816944441841
54081679,0.620729166797
373656619,0.160006343566
24546965,0.498422312377
16442769,0.576750891161
41035664,0.151026273715
102773721,0.214149978564
3394204695,0.979249532281
32522055,0.175472055474
49159617,0.388105451614
20601355,0.783847369491
3429057861,0.54484483471
302422512,0.36741327671
1858415868,0.965486298395
210002058,0.495781324242
16563441,0.822429583089
168507420,0.930682436534
33276161,0.773182461975
44666093,0.959984096498
66336739,0.499251614201
2705075796,0.841128921303
135620804,0.732984890744
1104346478,0.0678331325636
148846102,0.78973294974
262396353,0.135302075372
190537400,0.600705399224
21157904,0.515102995168
3188733363,0.159560968236
116845797,0.479306835529
2829300438,0.537234134376
472522579,0.631264632292
128733097,0.117958551642
15564737,0.229100884468
2823788486,0.300313865809
187377716,0.486028027848
2482628143,0.335146132659
2951733495,0.464549865824
2957931503,0.202835015801
18401584,0.22436401615
293465310,0.659077506696
377188795,0.890300430994
26671291,0.316132362892
3394554133,0.173734361013
315657427,0.721296404322
611358661,0.728443127578
16583468,0.366106947258
1249892281,0.512224377471
3588504253,0.623591078478
11783502,0.147937727147
747697374,0.305650118675
56001656,0.619400018558
15471305,0.427330271208
33428464,0.240592453449
257186608,0.34529669817
386553462,0.487177838172
2536177892,0.327217720945
314927206,0.601835313109
22084332,0.441213052473
321732170,0.783087360115
291553031,0.680017879082
182446060,0.428326389602
185189538,0.172334995019
24619328,0.0510606782162
879506286,0.0212061615321
4317051854,0.554510072525
47360640,0.553098235618
107374598,0.0341028564432
3394924354,0.414344899553
473782936,0.904059239011
17259137,0.800104564516
1610741862,0.581653761369
97583689,0.464481812986
305435798,0.78102268035
61890677,0.291576406187
16955832,0.632819109696
82419517,0.298259462244
2203894490,0.6715011405
373758798,0.79563622366
17850012,0.63944098229
3258001632,0.868009679403
43216109,0.612130756061
15350114,0.215607138968
15801623,0.101873764304
1909557109,0.563325192717
2875174331,0.026635082441
20713061,0.787236216224
27382597,0.717105455857
27044466,0.738403143116
4434954554,0.462830532919
3311869442,0.354872209132
15141153,0.324884799903
176153330,0.472896071754
1003130904,0.679741028495
85127375,0.418169604115
4706270920,0.9379422842
1057566710,0.572168228206
4169286705,0.73656961507
3275533321,0.0352627499209
145042229,0.92798266299
2461452080,0.720185466763
284210345,0.395912101021
51244287,0.56805409377
257774605,0.322720875994
15932201,0.414539330555
1697300972,0.741881120741
1166969684,0.820718156898
330718614,0.705353194118
257529281,0.439376124152
1251872904,0.379488077711
2372368079,0.169647305254
17238812,0.657325223807
76221819,0.911431745582
18545087,0.591751324007
23683237,0.541643246947
63818888,0.518632719509
23244977,0.100121808933
186621181,0.28324786466
34833836,0.433346732588
2690777048,0.33419913854
63048772,0.567079135156
315244005,0.45776213689
885659928,0.758063746557
294991606,0.106493100588
18810140,0.77979387155
283110084,0.587634210849
93029202,0.374814087287
41867187,0.932396901631
81014765,0.253920335483
2247466446,0.0566082321549
67130089,0.648961393839
1435509080,0.565505475736
479953114,0.491300695625
19632767,0.27262646521
1068545598,0.869778700268
17674136,0.459302319787
469885689,0.372980814095
475404591,0.153556518163
887203226,0.859380485011
3412562963,0.129566411362
4139467932,0.965839497362
107290835,0.839410819563
2783144541,0.235061785161
142716668,0.496384378354
1548227732,0.619188158722
3189078523,0.310514033098
212129844,0.750800942775
4347747935,0.562359306108
1046175163,0.222204860997
18913730,0.110747887385
58542624,0.623764356194
212934500,0.201148705666
96824952,0.409267627619
28708693,0.960548443611
234872414,0.626629026395
309999584,0.740240028925
17029260,0.523067662091
335033945,0.452063564641
28389123,0.672888676523
134249298,0.348673806376
304696956,0.216796767435
52304376,0.0627657053056
241922493,0.782829185134
167898719,0.971675660204
20863953,0.419832647336
21355783,0.142956753226
23001277,0.254684170698
2655537530,0.61241885766
1725346819,0.0119710227852
809108984,0.767095335788
993962845,0.0218519224873
498563302,0.609399758179
853748822,0.81306868925
5990782,0.0736127814697
24771990,0.765949491536
69229697,0.313305445312
14653515,0.23975537344
625955310,0.337756364558
381515832,0.158813803996
79258361,0.545747539084
110265621,0.629734218238
489720219,0.0851346805889
147128025,0.444732630854
20834145,0.763618066723
2809669704,0.304156280809
1071841692,0.114515289365
331376866,0.494104089935
4094704180,0.671155405187
18319387,0.25732721312
4113864453,0.575297340413
2988647262,0.882073738726
193796574,0.636736941458
26166038,0.983122263231
3449523733,0.201429905927
15966651,0.622531261151
3419873583,0.392301124642
74230885,0.641869136211
2226289219,0.888266738943
30687343,0.120646052676
40713594,0.0820162323571
829859839,0.975735463345
456916306,0.290108581262
147712159,0.464978635216
115979444,0.483349972347
546964954,0.849031026491
401859102,0.771000914268
1247418349,0.988709582977
1015991,0.933580223695
261066642,0.106671853302
2280933884,0.232340148857
3409706945,0.796873697933
47609159,0.930007407169
375374016,0.0660288680611
470420282,0.832842414923
21265109,0.206904864748
1009864844,0.969518460685
931594219,0.720106321223
94454080,0.792329270591
27754737,0.519015106318
227083634,0.186354246933
51194212,0.617075255004
2672422810,0.253227182965
3297832559,0.728553570647
108196727,0.90326377208
114548995,0.348813004854
31970121,0.834882783944
44970004,0.166705867479
12144232,0.380119819556
30738693,0.387166962949
13524182,0.811350445798
2936790183,0.930575294965
327750233,0.797992800255
16504279,0.227894790695
33655490,0.284263720069
3293501861,0.600382613364
36715157,0.471394221147
568608987,0.519616426697
364514085,0.945430248942
3389880671,0.0763780629758
3010503427,0.607653861146
594368622,0.735364687897
2802077124,0.238751257243
936040214,0.600177593493
33650159,0.604194765016
1146533180,0.710866417992
21431618,0.984615765177
28611932,0.168680775468
1892830382,0.322159305217
24196431,0.763470313965
1081819903,0.651470942467
112255767,0.456318496731
491472275,0.0647016760508
37031780,0.255604152282
21312077,0.533007330421
3105380327,0.988599332537
917749700,0.57613992502
440201085,0.470695610288
70515960,0.0545694695953
67973860,0.401849742961
261060577,0.580304930208
31464192,0.844002504405
1723952785,0.945002380406
419161713,0.866623108886
24773493,0.626106309038
3407395714,0.660003846779
3171738157,0.590944032832
6059462,0.823755483094
2417826549,0.952870517162
922427654,0.290465694588
3848656575,0.11407357504
104811393,0.298349838261
372082694,0.540016269551
4558048156,0.235715702673
51798402,0.979386303875
1559350598,0.368711320617
1216795250,0.537434008989
480786828,0.765940368798
3410432950,0.895540624796
565469671,0.53311149208
703599787,0.117174522674
22489176,0.0661103493231
377683003,0.258029777863
331797450,0.189202797265
3284112337,0.138738139764
177549638,0.213401753226
427847925,0.481446769212
147450056,0.94220616871
3231868097,0.680125649943
2244682254,0.463649497324
348321777,0.59531892909
29461066,0.631185851484
126401831,0.918085415555
116835497,0.854738681455
179732982,0.0821216759582
17628113,0.237664141303
257251498,0.0735404271518
4265934436,0.788462652033
445317667,0.565791426096
322134353,0.0185488256967
50427352,0.30478768734
166764102,0.661894472359
23600262,0.55236859539
4884966191,0.348004169346
22933975,0.898182333444
3235955615,0.131631940008
40985398,0.619224232979
281909255,0.280196819037
52718518,0.58669247385
873546254,0.440330420355
1702560355,0.686110258916
52076995,0.587597790731
3892233005,0.832396175066
52771152,0.952783911836
3104990163,0.953555645339
101783862,0.461016207953
265512657,0.631282556439
2984750201,0.0576150530374
315615420,0.324356115219
283284818,0.064373545135
963275773,0.36629604897
293816619,0.139004940753
8434292,0.815522065673
407880875,0.594582410937
171598736,0.764666299408
591584517,0.578600601739
1051333165,0.508397555687
86439208,0.528965414047
19782280,0.29609466029
3167335095,0.242817704767
15659876,0.112902536541
57435654,0.158968488383
123738314,0.815825911917
45943310,0.44722766221
589754331,0.12364803453
63073834,0.717634771578
343653872,0.217445555557
18772897,0.613554904552
414257018,0.0248607255231
1525578882,0.569067344887
114887629,0.529446767199
19927246,0.780365888824
1270837801,0.909857078947
741492187,0.579327420414
65272235,0.759853272968
74517909,0.831759914835
265685365,0.878342355324
2380699792,0.459248741071
3227730607,0.229235026806
562390825,0.987532387364
82969624,0.980228823642
38356380,0.902446966625
2181006680,0.0687853076179
22053247,0.657204378637
176659323,0.349708158233
65981979,0.421261529201
435336487,0.104921872854
80415454,0.601794305925
3254912324,0.160013522999
1963712388,0.400200696511
293269370,0.212148064683
1551868069,0.624951969218
63228779,0.940914117862
314167169,0.788627274584
606735694,0.180062220925
543780273,0.578830743347
3299786253,0.609779758448
161971127,0.0113293909857
197095038,0.939505814475
290011697,0.544227741023
76570908,0.775179345607
1480505023,0.279379511396
17177380,0.862817091519
102116396,0.38907686768
2978122428,0.629047996012
606981387,0.281052289001
16187637,0.601295915722
99386572,0.490269587144
1018620445,0.943777080248
116830038,0.844355526367
234224660,0.736894924533
97575423,0.652425586707
21457760,0.328136195904
2733006195,0.373086350295
571483825,0.48779852008
263433749,0.644887276805
1470960901,0.365789344095
3411839685,0.0426254038715
92528463,0.781742765017
72273570,0.471617658195
273417461,0.367012503468
2897022418,0.720039080823
11217112,0.650195883688
278163308,0.176410518009
15954997,0.278884150736
35567897,0.615072472002
25062618,0.588951680831
3422267541,0.0988866254482
40910906,0.677132248687
3422789174,0.0862811315653
258540965,0.193261826392
87278897,0.0264739689063
2314440847,0.822058253219
4679578027,0.789317810887
64405579,0.710558024024
931892910,0.0807300962629
439434273,0.771046321153
3270321498,0.0336903104926
16516557,0.640056010959
3498857657,0.0289004105415
74548068,0.356087811545
4796927255,0.389892926095
3330052767,0.132920325012
329525509,0.366670163556
61028046,0.107780877641
347745538,0.652522558835
270425776,0.650602658422
21282579,0.425011415957
3315269498,0.508533250406
3434356745,0.254936631992
4488800302,0.162826685654
2312595268,0.159187111771
18618463,0.710703266403
2150350748,0.0373544029574
2449913803,0.948748013045
50206233,0.200151697621
31524308,0.228376550074
16565279,0.910602569691
3284189839,0.848020714008
145708791,0.562050015711
194222922,0.137401716581
42895967,0.788929833343
279711316,0.602799368033
154621647,0.157762805979
18757212,0.761271362597
305056580,0.80080935686
459846845,0.335980472388
92431821,0.716714629818
2792156032,0.504170785607
547630729,0.133031970605
416305947,0.623733218542
8953122,0.446258749097
539492347,0.293335497893
342499618,0.766760467052
156831916,0.891718261286
2511302792,0.0666567250616
520697434,0.839816691897
4434221542,0.291092977014
463422324,0.757249500542
2438013757,0.000952681987836
523629500,0.458034412124
135344405,0.351777764462
3091890379,0.952697363744
1311764197,0.251291208839
211871567,0.338536958175
95687767,0.362801216446
4014574593,0.923644180907
103706347,0.388096411934
444374745,0.239265722299
18613,0.419927855238
202480627,0.888176640102
201008210,0.155525319398
134849548,0.830886638153
237348797,0.866388568418
18018946,0.86727134304
1176527791,0.464717230845
18149379,0.198423702957
500058151,0.433745612692
130171234,0.977418899967
2316366210,0.798842922311
3579096975,0.24279276906
17896154,0.447501267603
15290909,0.191749066034
40367637,0.0150998641399
3102653770,0.316902138864
583390972,0.801932239805
413395567,0.176658552378
233761277,0.889866169476
3250894425,0.893303501032
1069353853,0.644848800135
312997895,0.0851090156427
14420319,0.572241739318
2280884857,0.421359640635
3666144674,0.31188305811
19834104,0.922892515512
54602427,0.982185321002
17466186,0.0222127021409
1954451161,0.417252758328
21946424,0.0574814168905
113346201,0.191517783335
626331458,0.261832599409
48103098,0.121600051534
503662020,0.0981384362832
52702957,0.584475282079
2356348507,0.810777526314
3081420210,0.582059943545
611403956,0.273320823442
90647602,0.477950654837
311621168,0.444973712956
948471642,0.604556266178
2232041,0.968060818819
501322226,0.145516606039
19558678,0.0741789887832
17454769,0.470897526147
268757302,0.51662564695
211932365,0.348906954102
342893296,0.73448268054
280721456,0.26123281168
1660314608,0.164355502745
619362392,0.229041101355
19891385,0.51154770243
257801856,0.352212255946
4708373603,0.0575046547899
932585497,0.936301404191
446332475,0.770605517789
262349987,0.856312589576
22182810,0.44998070699
2476036543,0.852066733561
596869617,0.0647927311344
2695656084,0.817709273389
3130914869,0.262965423143
19940085,0.358990919977
349386919,0.783153448592
188744528,0.670283139918
1049171,0.00121683533053
3352803292,0.60251527439
21524994,0.918953538728
1645478802,0.201141820492
140047339,0.692306849293
842475074,0.279742727005
2713877234,0.469165729023
137327982,0.0535494470211
1458563664,0.244658124166
49910253,0.868864380563
116341480,0.39940129533
2424707233,0.79627263049
15150904,0.712866695099
19828669,0.304447811377
16265835,0.0434715198405
343501683,0.250613435278
1483880702,0.979323912899
1646771184,0.846306174517
104727439,0.761888838859
25470277,0.336426427376
3893162519,0.912636212076
155773979,0.286566389423
95303730,0.00125046073682
30260471,0.639643407399
509473454,0.889556194315
4829344809,0.410419079249
17968106,0.717084768751
727242919,0.0683574438779
2270543852,0.734420938833
102192639,0.0285713472311
298718098,0.974930833852
21461944,0.12348125969
3302915034,0.341338538515
49494776,0.413604071918
993483668,0.316369963479
94125439,0.933737906099
76200159,0.615097715557
355720996,0.536908784968
39604218,0.660696627923
526977284,0.900827108119
463414347,0.624673432194
27535392,0.717508845716
1123212380,0.501348533699
38568814,0.512780375841
385841800,0.19467550582
179070296,0.609597885076
19925750,0.978899959844
993924499,0.20233634556
240913462,0.125745846087
245237505,0.888495487087
496293711,0.55838227924
30024076,0.655248738447
15837659,0.479223588316
312797318,0.86523088446
3631648093,0.600120836729
1418887076,0.073144315586
286680865,0.041859105744
18907463,0.109362714295
15644361,0.103733825521
1025313223,0.0257508628877
1881112440,0.0863868594268
519505793,0.173719022278
381144077,0.224580900276
25700780,0.457569950904
9468372,0.881438985867
838265496,0.0451574843494
627212847,0.395421695674
238862918,0.684726219246
41410702,0.39342529982
845139168,0.241521257095
36848129,0.610070604424
24382424,0.58577071677
100673651,0.529397520695
57389552,0.878157318393
4859985830,0.234277287989
195829353,0.990454669163
898952310,0.0428506216517
246403554,0.725575619437
58209656,0.180598667509
3353727100,0.678453083953
389744436,0.613539937924
3309422527,0.272884789986
21324442,0.50520234615
359119320,0.31316230005
2376582930,0.461569689096
1287439165,0.132267941094
21980851,0.793555209387
117529976,0.121804408127
16397938,0.456453891415
44534427,0.992674687846
3224644603,0.143355460525
185277740,0.572573540534
1456761750,0.467058259705
24462845,0.0862701122537
3397533639,0.435051034299
327526580,0.494263710922
421573665,0.265046730292
160724902,0.652187012386
540316720,0.980406311909
3691999935,0.953520174103
37171200,0.879717059234
1406691746,0.821532983513
2225785909,0.191506481773
298240756,0.770700046589
3706900213,0.572755817159
16490790,0.857285024263
478309668,0.585016149299
405652616,0.445327645385
33089758,0.313814083165
57377201,0.680933717627
3310874893,0.0496252509329
20597460,0.209824991987
20495784,0.578530039229
273028251,0.763553397751
122167306,0.278975523307
238064439,0.923436897787
11471902,0.167582268015
59217500,0.388168721039
21725307,0.136509499513
576012298,0.454742030261
249379601,0.772933930746
261309062,0.172022269018
248498819,0.0294096605985
14876672,0.811589519644
18842500,0.810663033814
2931948320,0.720147164705
658253,0.464254917578
353138804,0.546053774358
153198298,0.165062521147
193069286,0.263548868892
12897112,0.285636657285
1375306027,0.86497984563
4729789692,0.981314368834
64617552,0.856479968159
3098400900,0.261847305122
285744541,0.862124674591
1297729854,0.828655479916
517907432,0.0798755665889
701423921157943297,0.350648154958
279333899,0.421310315924
3743861356,0.105030418385
387528139,0.0113844170276
221762308,0.834683377461
160219862,0.930961822955
67819141,0.206035701578
3277433070,0.573650380105
3316267142,0.532470143563
45438720,0.393668868414
67576760,0.317740338931
19407835,0.868433135381
19739126,0.753348234242
3319052612,0.171312601649
175075708,0.686342212007
5730192,0.965960557313
24431892,0.144652462759
83283585,0.662585017809
82167518,0.828132668132
2716352475,0.474500651869
80624266,0.928108571144
46817943,0.683959570255
258335849,0.444028577972
60140764,0.46592311575
247196478,0.190306298949
32370124,0.338680020543
22293499,0.868807504774
333720818,0.937663315066
428880240,0.674980817061
764423749,0.121867251251
20320732,0.215248478444
14529929,0.0628081303132
1654488295,0.818595474933
2891474527,0.87315144293
3795603381,0.223146627207
45801800,0.821745504361
271127232,0.254440430861
113476423,0.52621517694
16143547,0.26577311018
289145118,0.603709848998
2943056070,0.206490709792
82014214,0.00790841833779
4856899380,0.996569380224
220523088,0.421407370522
169518455,0.627742049794
473469102,0.528811007475
56838529,0.305682674142
396904079,0.357185657513
2279996258,0.360578612119
32901775,0.474856778406
2275605806,0.0265131192396
80290374,0.0125512728003
480655666,0.0370869062248
19515741,0.946243273129
129350395,0.430326941859
273280418,0.175977447723
88348765,0.373923434655
104588893,0.860206783571
905282768,0.329240710237
562981626,0.0160397206377
480804118,0.796745591526
92186819,0.76385147935
402329017,0.943765374326
1403202007,0.987404614117
252046831,0.86009704827
818551056,0.89432174185
4164429193,0.173044628869
2341044722,0.136106422694
751011565,0.687538492062
448792429,0.236159074437
20565828,0.0568067709614
19756913,0.530877501752
2246240480,0.474473055601
3846176453,0.682943852428
231895094,0.993130241149
963145339,0.370614375157
21367529,0.185443909472
2208173625,0.168897676876
19554219,0.279821359881
17763819,0.622540747704
29828407,0.289670459402
119571473,0.151682036903
1967614440,0.503734882446
1328464994,0.555166721832
49729058,0.847392702234
221162525,0.142666924996
14149825,0.636291872886
132564528,0.232577698454
16092470,0.245118172712
84482355,0.662053398568
87030767,0.368556878245
4306599138,0.0288095058248
21163774,0.00219710962183
517840915,0.141900447971
2564285390,0.439350965844
332819736,0.615652618365
244268646,0.902098263476
819953,0.432617524551
115119048,0.724478115468
287407722,0.460411452992
126778508,0.741241094676
17871151,0.482971539832
70162470,0.116311075629
19042148,0.888733427126
24754443,0.263943775019
14180091,0.408854618509
55310956,0.353914617437
4159694920,0.199071645029
2812424461,0.178221416775
21173031,0.355016134525
3400867311,0.545316501619
2743762147,0.874796969171
3707208615,0.74843974903
16714630,0.0766617150826
240431327,0.305190185725
593667852,0.290584283546
324828033,0.790531226914
731965982,0.793692203647
16571326,0.693766072173
163180737,0.0573482060844
20485360,0.477332626408
1353324606,0.799620070509
55398550,0.751509179001
540351762,0.515183226898
14844867,0.968810241385
571964470,0.455942920296
4656078680,0.982633579235
13651772,0.55514320719
564273480,0.991595689427
344464386,0.023834023414
88957942,0.967398164721
388540227,0.522771039766
2556725362,0.542296458869
996067051,0.473633670199
2485901304,0.784502120698
277227522,0.452307188145
2942226411,0.573678438977
1251052585,0.153670656567
1134387428,0.285342595544
216554380,0.592483964237
256426166,0.877485902802
40182386,0.0650458707907
2558033729,0.537420268735
215475968,0.720489784071
1334785333,0.549670485069
480928357,0.865002069738
2191061814,0.37005508243
3816965963,0.735344329209
754129262,0.256318213362
2564440225,0.769673839902
141946686,0.0581428085154
170801530,0.959657559096
192379122,0.986586938003
2984587975,0.254906254998
2997047631,0.146658035405
967423477,0.981740178336
19214688,0.0238222755576
3418466404,0.0395013748434
495447462,0.468319508552
533278348,0.25575170732
426251923,0.906275920216
131262336,0.87679491682
53309297,0.842852703221
318669118,0.296874284661
2868258183,0.50691763853
209739174,0.767233369218
156045092,0.110797440344
15949499,0.388619643704
18217624,0.559834515091
493015263,0.52133287344
334753435,0.559027353353
318681017,0.109119571941
2990718884,0.734468646168
281560271,0.150720520454
173216568,0.788875148898
239964758,0.29606308514
471306651,0.612838905844
4644102737,0.507020003664
224351666,0.349793715122
27392088,0.876562217745
87051556,0.86521796671
876656678,0.202938316381
2233452180,0.60955719637
2257976822,0.106761121439
3151882915,0.0234774454445
258900199,0.615594693066
2198704819,0.328534912113
59961072,0.251889207628
18416448,0.250138350495
966638065,0.934480299499
3229153556,0.0384777021656
308861333,0.822569362126
860160420,0.199446584035
2889206220,0.873541496036
519017852,0.215522894607
1869036517,0.375418897438
23420032,0.127829362524
66536279,0.547669157956
385521710,0.159553629056
24321412,0.517197585975
231129000,0.0795644950406
230450027,0.929859639387
114007315,0.856827610462
14997156,0.131538526834
544751564,0.0738947537977
783142584,0.628866172706
36940614,0.2041031317
109756379,0.110275944246
3301553572,0.423648002179
17079233,0.606506371357
247854534,0.495937733744
18986746,0.457696581123
3287312391,0.299209435993
124653833,0.683296119693
1499145156,0.38982023308
4882094038,0.677087567308
55643849,0.947877120096
17099702,0.215446663797
26186655,0.867136913241
494550045,0.140666904579
466920813,0.795747519019
184637477,0.579224006309
1199397170,0.54978935928
21537009,0.985974776642
4646585837,0.0300849014358
26996910,0.873358817954
1512191946,0.481951707976
2792747342,0.210931819039
4719313943,0.425193392799
595713196,0.373935362047
396158429,0.558458457715
163939556,0.371709159192
1549686492,0.566574793238
428176844,0.0980143758106
25703657,0.702482972873
849162614,0.667322664491
125931208,0.507218357493
421863694,0.156417149481
19341224,0.395718958216
18464266,0.737792138966
121626258,0.401476368113
399617039,0.14790042193
35766688,0.238933293236
790055636,0.542374452035
3199302520,0.847487350211
469921287,0.594672070894
364916934,0.112201285935
3805800674,0.257319714152
748310160,0.485707163607
19898968,0.152689383124
4332046835,0.77421572032
1912576375,0.302783353371
120550648,0.0560470681521
3154508072,0.869646013551
273130714,0.696607346758
3180033518,0.636398105551
20800806,0.406923326931
359019937,0.544525945759
34340464,0.448298740471
17125184,0.596939696969
3772927092,0.270596153219
344166129,0.78127441224
133832049,0.596955265291
478070780,0.875258987932
3000174200,0.0592172359326
145518909,0.461718684499
414191125,0.177995182479
4835749726,0.724040454191
25837158,0.209405696076
3872826447,0.946186393226
1338330434,0.0362603131852
724816394,0.0709590170713
805333129,0.606920442034
19511892,0.36734893755
2491964094,0.395818128511
91863101,0.891829159974
18768324,0.947053775004
39871383,0.43050964348
4061885906,0.727218416695
2278767387,0.278564024007
520011678,0.566579386629
31630823,0.222926408978
1861412166,0.806969440092
189408784,0.209114046451
44036125,0.368787220977
295601582,0.00447241368582
245358984,0.897249569302
390526317,0.0471029929646
103849564,0.320677361329
3354545907,0.747404140391
388777195,0.554196780313
34574304,0.704794397776
310586465,0.217480178132
3540580215,0.877023756548
47801895,0.977204089546
1268625612,0.293647123814
58074184,0.494858402336
430924698,0.178919347595
72325394,0.379846434207
306962931,0.645731869745
2279949104,0.652351320179
346043982,0.987946136452
30534986,0.725001096389
2571925363,0.776100281488
143159371,0.635027930963
380608558,0.253495915731
267938462,0.593127716052
75422403,0.754234219572
3331481614,0.226592378423
113163844,0.737994545813
15361224,0.748303560851
1193686536,0.699213235778
22831059,0.707977438125
2507906130,0.270394233589
3224770387,0.141505700621
4119741,0.593178628477
640893,0.0294436575617
70477603,0.483839716873
4112223267,0.347493221957
66618159,0.776758358204
117233982,0.239371819679
19459174,0.11699285207
330537050,0.542093932766
301799554,0.0679119175394
24751102,0.660031789937
243666326,0.89052231017
14841990,0.0300661719252
273448833,0.422178658676
979818301,0.458631533119
166618587,0.852152424037
18876259,0.0196662018194
19705861,0.525178160535
3368690836,0.636036455305
114024610,0.158292213626
166107508,0.118536267954
46909096,0.510584868882
3228880990,0.418442723016
1098402872,0.471370312475
1377573355,0.180505642352
590294390,0.337043431681
52482547,0.427293896227
35758363,0.0242279624586
549824334,0.71779988574
279692503,0.0270264659385
38059716,0.223011483935
2153710723,0.9826751699
308500560,0.158178003099
284861750,0.528213904924
3403451547,0.350531806421
7569062,0.906334751566
3486342376,0.54584259915
94551207,0.214705626147
41043688,0.444242368858
46286327,0.903407502452
543899246,0.702710990245
4539913215,0.56724309697
1592635465,0.440519048276
840528662,0.738619997397
625177508,0.285149159814
2178009186,0.626903994273
18891923,0.649703024622
56586687,0.677196964326
3430678311,0.817822684483
24553611,0.772239296503
95595053,0.712171945032
3351730228,0.0338498086505
82179637,0.658481803804
257145200,0.974127452067
283499967,0.550596728506
2233646658,0.809515449949
19808466,0.556767648781
4070524766,0.774900325099
4696552878,0.174528791323
1629339452,0.371829915201
514718176,0.965831175709
23410387,0.752606822167
14904437,0.699594845868
4823066891,0.414095740864
192028431,0.242902644265
1516193521,0.137205868616
2802646946,0.344550956959
2714551200,0.995735711038
28428796,0.653278095407
22630531,0.0995982016497
19682929,0.932631662038
3192392581,0.126034293322
172962811,0.689159081135
374331041,0.0415615913787
600470774,0.824084433952
64015215,0.923424409607
331142058,0.869326184411
48462847,0.0267614859143
163250093,0.228222977558
2352599250,0.270031304272
16620338,0.957370026866
388585144,0.00231174980666
2582736318,0.569486220793
534745180,0.270563496253
85794542,0.496899762193
115230067,0.575613204789
488724506,0.176784556195
20563733,0.537647198626
32506723,0.676272380943
112576406,0.554598177644
42222668,0.236453239681
371726146,0.548823761985
3424368129,0.691515652394
2332065509,0.704869575777
225068510,0.559733690524
533713424,0.282209135094
2574739866,0.553536353153
14422439,0.5973507937
35688200,0.28045813212
231558689,0.024578412064
2159855251,0.183066281818
4307235683,0.0953018237436
38527519,0.467251414852
16970757,0.508946510742
1258209258,0.365432734409
366939898,0.212182021122
198488053,0.516026667891
41016473,0.243489204906
326944732,0.471759921281
298915258,0.0743594616358
49035017,0.396927615177
2216018301,0.350095399637
901209434,0.930506485224
1380718279,0.0127078845564
3272381252,0.0880814718749
3329825789,0.639445415755
352547206,0.595881886836
4003730774,0.235357909425
17189640,0.515603252073
398045016,0.491911623723
274746177,0.325563588844
39279821,0.685478591699
323063606,0.0871318237304
1495088653,0.211905098664
14591053,0.385136725891
1271691679,0.82472134539
3573336134,0.561664324453
2877118643,0.103048607784
247890865,0.171287561251
538547125,0.811764076753
300698799,0.161416266496
